// Show that we can index numbers beyond a one hot encoding
bitlength = 8192, poly_mod = 4096, plain_mod = 65, hamming_weight = 2, x = 5
noise budget: 27 

Database:
{1,1},
{2,4},
{3,9},
{5,25},
{7, 49},
{101, 64},

1x^3 + 1x^2 || 0 || 
2x^2|| 
0|| 0|| 
0|| 0|| 8|| 8|| 
0|| 0|| 10|| 10|| 0|| 0|| 0|| 0|| 
0|| 0|| 20|| 20|| 0|| 0|| 0|| 0|| 0|| 0|| 0|| 0|| 0|| 0|| 0|| 0|| 
0|| 0|| 40|| 40|| 0|| 0|| 0|| 0|| 0|| 0|| 0|| 0|| 0|| 0|| 0|| 0|| 0|| 0|| 0|| 0|| 0|| 0|| 0|| 0|| 0|| 0|| 0|| 0|| 0|| 0|| 0|| 0|| 
0|| 0|| 3F|| 3F|| 0|| 0|| 0|| 0|| 0|| 0|| 0|| 0|| 0|| 0|| 0|| 0|| 0|| 0|| 0|| 0|| 0|| 0|| 0|| 0|| 0|| 0|| 0|| 0|| 0|| 0|| 0|| 0|| 0|| 0|| 0|| 0|| 0|| 0|| 0|| 0|| 0|| 0|| 0|| 0|| 0|| 0|| 0|| 0|| 0|| 0|| 0|| 0|| 0|| 0|| 0|| 0|| 0|| 0|| 0|| 0|| 0|| 0|| 0|| 0|| 
0|| 0|| 3D|| 3D|| 0|| 0|| 0|| 0|| 0|| 0|| 0|| 0|| 0|| 0|| 0|| 0|| 0|| 0|| 0|| 0|| 0|| 0|| 0|| 0|| 0|| 0|| 0|| 0|| 0|| 0|| 0|| 0|| 0|| 0|| 0|| 0|| 0|| 0|| 0|| 0|| 0|| 0|| 0|| 0|| 0|| 0|| 0|| 0|| 0|| 0|| 0|| 0|| 0|| 0|| 0|| 0|| 0|| 0|| 0|| 0|| 0|| 0|| 0|| 0|| 0|| 0|| 0|| 0|| 0|| 0|| 0|| 0|| 0|| 0|| 0|| 0|| 0|| 0|| 0|| 0|| 0|| 0|| 0|| 0|| 0|| 0|| 0|| 0|| 0|| 0|| 0|| 0|| 0|| 0|| 0|| 0|| 0|| 0|| 0|| 0|| 0|| 0|| 0|| 0|| 0|| 0|| 0|| 0|| 0|| 0|| 0|| 0|| 0|| 0|| 0|| 0|| 0|| 0|| 0|| 0|| 0|| 0|| 0|| 0|| 0|| 0|| 0|| 0|| 
0|| 0|| 39|| 39|| 0|| 0|| 0|| 0|| 0|| 0|| 0|| 0|| 0|| 0|| 0|| 0|| 0|| 0|| 0|| 0|| 0|| 0|| 0|| 0|| 0|| 0|| 0|| 0|| 0|| 0|| 0|| 0|| 0|| 0|| 0|| 0|| 0|| 0|| 0|| 0|| 0|| 0|| 0|| 0|| 0|| 0|| 0|| 0|| 0|| 0|| 0|| 0|| 0|| 0|| 0|| 0|| 0|| 0|| 0|| 0|| 0|| 0|| 0|| 0|| 0|| 0|| 0|| 0|| 0|| 0|| 0|| 0|| 0|| 0|| 0|| 0|| 0|| 0|| 0|| 0|| 0|| 0|| 0|| 0|| 0|| 0|| 0|| 0|| 0|| 0|| 0|| 0|| 0|| 0|| 0|| 0|| 0|| 0|| 0|| 0|| 0|| 0|| 0|| 0|| 0|| 0|| 0|| 0|| 0|| 0|| 0|| 0|| 0|| 0|| 0|| 0|| 0|| 0|| 0|| 0|| 0|| 0|| 0|| 0|| 0|| 0|| 0|| 0|| 0|| 0|| 0|| 0|| 0|| 0|| 0|| 0|| 0|| 0|| 0|| 0|| 0|| 0|| 0|| 0|| 0|| 0|| 0|| 0|| 0|| 0|| 0|| 0|| 0|| 0|| 0|| 0|| 0|| 0|| 0|| 0|| 0|| 0|| 0|| 0|| 0|| 0|| 0|| 0|| 0|| 0|| 0|| 0|| 0|| 0|| 0|| 0|| 0|| 0|| 0|| 0|| 0|| 0|| 0|| 0|| 0|| 0|| 0|| 0|| 0|| 0|| 0|| 0|| 0|| 0|| 0|| 0|| 0|| 0|| 0|| 0|| 0|| 0|| 0|| 0|| 0|| 0|| 0|| 0|| 0|| 0|| 0|| 0|| 0|| 0|| 0|| 0|| 0|| 0|| 0|| 0|| 0|| 0|| 0|| 0|| 0|| 0|| 0|| 0|| 0|| 0|| 0|| 0|| 0|| 0|| 0|| 0|| 0|| 0|| 0|| 0|| 0|| 0|| 0|| 0|| 0|| 0|| 0|| 0|| 0|| 0|| 0|| 0|| 0|| 0|| 0|| 0|| 
0|| 0|| 31|| 31|| 0|| 0|| 0|| 0|| 0|| 0|| 0|| 0|| 0|| 0|| 0|| 0|| 0|| 0|| 0|| 0|| 0|| 0|| 0|| 0|| 0|| 0|| 0|| 0|| 0|| 0|| 0|| 0|| 0|| 0|| 0|| 0|| 0|| 0|| 0|| 0|| 0|| 0|| 0|| 0|| 0|| 0|| 0|| 0|| 0|| 0|| 0|| 0|| 0|| 0|| 0|| 0|| 0|| 0|| 0|| 0|| 0|| 0|| 0|| 0|| 0|| 0|| 0|| 0|| 0|| 0|| 0|| 0|| 0|| 0|| 0|| 0|| 0|| 0|| 0|| 0|| 0|| 0|| 0|| 0|| 0|| 0|| 0|| 0|| 0|| 0|| 0|| 0|| 0|| 0|| 0|| 0|| 0|| 0|| 0|| 0|| 0|| 0|| 0|| 0|| 0|| 0|| 0|| 0|| 0|| 0|| 0|| 0|| 0|| 0|| 0|| 0|| 0|| 0|| 0|| 0|| 0|| 0|| 0|| 0|| 0|| 0|| 0|| 0|| 0|| 0|| 0|| 0|| 0|| 0|| 0|| 0|| 0|| 0|| 0|| 0|| 0|| 0|| 0|| 0|| 0|| 0|| 0|| 0|| 0|| 0|| 0|| 0|| 0|| 0|| 0|| 0|| 0|| 0|| 0|| 0|| 0|| 0|| 0|| 0|| 0|| 0|| 0|| 0|| 0|| 0|| 0|| 0|| 0|| 0|| 0|| 0|| 0|| 0|| 0|| 0|| 0|| 0|| 0|| 0|| 0|| 0|| 0|| 0|| 0|| 0|| 0|| 0|| 0|| 0|| 0|| 0|| 0|| 0|| 0|| 0|| 0|| 0|| 0|| 0|| 0|| 0|| 0|| 0|| 0|| 0|| 0|| 0|| 0|| 0|| 0|| 0|| 0|| 0|| 0|| 0|| 0|| 0|| 0|| 0|| 0|| 0|| 0|| 0|| 0|| 0|| 0|| 0|| 0|| 0|| 0|| 0|| 0|| 0|| 0|| 0|| 0|| 0|| 0|| 0|| 0|| 0|| 0|| 0|| 0|| 0|| 0|| 0|| 0|| 0|| 0|| 0|| 0|| 0|| 0|| 0|| 0|| 0|| 0|| 0|| 0|| 0|| 0|| 0|| 0|| 0|| 0|| 0|| 0|| 0|| 0|| 0|| 0|| 0|| 0|| 0|| 0|| 0|| 0|| 0|| 0|| 0|| 0|| 0|| 0|| 0|| 0|| 0|| 0|| 0|| 0|| 0|| 0|| 0|| 0|| 0|| 0|| 0|| 0|| 0|| 0|| 0|| 0|| 0|| 0|| 0|| 0|| 0|| 0|| 0|| 0|| 0|| 0|| 0|| 0|| 0|| 0|| 0|| 0|| 0|| 0|| 0|| 0|| 0|| 0|| 0|| 0|| 0|| 0|| 0|| 0|| 0|| 0|| 0|| 0|| 0|| 0|| 0|| 0|| 0|| 0|| 0|| 0|| 0|| 0|| 0|| 0|| 0|| 0|| 0|| 0|| 0|| 0|| 0|| 0|| 0|| 0|| 0|| 0|| 0|| 0|| 0|| 0|| 0|| 0|| 0|| 0|| 0|| 0|| 0|| 0|| 0|| 0|| 0|| 0|| 0|| 0|| 0|| 0|| 0|| 0|| 0|| 0|| 0|| 0|| 0|| 0|| 0|| 0|| 0|| 0|| 0|| 0|| 0|| 0|| 0|| 0|| 0|| 0|| 0|| 0|| 0|| 0|| 0|| 0|| 0|| 0|| 0|| 0|| 0|| 0|| 0|| 0|| 0|| 0|| 0|| 0|| 0|| 0|| 0|| 0|| 0|| 0|| 0|| 0|| 0|| 0|| 0|| 0|| 0|| 0|| 0|| 0|| 0|| 0|| 0|| 0|| 0|| 0|| 0|| 0|| 0|| 0|| 0|| 0|| 0|| 0|| 0|| 0|| 0|| 0|| 0|| 0|| 0|| 0|| 0|| 0|| 0|| 0|| 0|| 0|| 0|| 0|| 0|| 0|| 0|| 0|| 0|| 0|| 0|| 0|| 0|| 0|| 0|| 0|| 0|| 0|| 0|| 0|| 0|| 0|| 0|| 0|| 0|| 0|| 0|| 0|| 0|| 0|| 0|| 0|| 0|| 0|| 0|| 0|| 0|| 0|| 0|| 0|| 0|| 0|| 0|| 0|| 0|| 0|| 0|| 0|| 0|| 
0|| 0|| 21|| 21|| 0|| 0|| 0|| 0|| 0|| 0|| 0|| 0|| 0|| 0|| 0|| 0|| 0|| 0|| 0|| 0|| 0|| 0|| 0|| 0|| 0|| 0|| 0|| 0|| 0|| 0|| 0|| 0|| 0|| 0|| 0|| 0|| 0|| 0|| 0|| 0|| 0|| 0|| 0|| 0|| 0|| 0|| 0|| 0|| 0|| 0|| 0|| 0|| 0|| 0|| 0|| 0|| 0|| 0|| 0|| 0|| 0|| 0|| 0|| 0|| 0|| 0|| 0|| 0|| 0|| 0|| 0|| 0|| 0|| 0|| 0|| 0|| 0|| 0|| 0|| 0|| 0|| 0|| 0|| 0|| 0|| 0|| 0|| 0|| 0|| 0|| 0|| 0|| 0|| 0|| 0|| 0|| 0|| 0|| 0|| 0|| 0|| 0|| 0|| 0|| 0|| 0|| 0|| 0|| 0|| 0|| 0|| 0|| 0|| 0|| 0|| 0|| 0|| 0|| 0|| 0|| 0|| 0|| 0|| 0|| 0|| 0|| 0|| 0|| 0|| 0|| 0|| 0|| 0|| 0|| 0|| 0|| 0|| 0|| 0|| 0|| 0|| 0|| 0|| 0|| 0|| 0|| 0|| 0|| 0|| 0|| 0|| 0|| 0|| 0|| 0|| 0|| 0|| 0|| 0|| 0|| 0|| 0|| 0|| 0|| 0|| 0|| 0|| 0|| 0|| 0|| 0|| 0|| 0|| 0|| 0|| 0|| 0|| 0|| 0|| 0|| 0|| 0|| 0|| 0|| 0|| 0|| 0|| 0|| 0|| 0|| 0|| 0|| 0|| 0|| 0|| 0|| 0|| 0|| 0|| 0|| 0|| 0|| 0|| 0|| 0|| 0|| 0|| 0|| 0|| 0|| 0|| 0|| 0|| 0|| 0|| 0|| 0|| 0|| 0|| 0|| 0|| 0|| 0|| 0|| 0|| 0|| 0|| 0|| 0|| 0|| 0|| 0|| 0|| 0|| 0|| 0|| 0|| 0|| 0|| 0|| 0|| 0|| 0|| 0|| 0|| 0|| 0|| 0|| 0|| 0|| 0|| 0|| 0|| 0|| 0|| 0|| 0|| 0|| 0|| 0|| 0|| 0|| 0|| 0|| 0|| 0|| 0|| 0|| 0|| 0|| 0|| 0|| 0|| 0|| 0|| 0|| 0|| 0|| 0|| 0|| 0|| 0|| 0|| 0|| 0|| 0|| 0|| 0|| 0|| 0|| 0|| 0|| 0|| 0|| 0|| 0|| 0|| 0|| 0|| 0|| 0|| 0|| 0|| 0|| 0|| 0|| 0|| 0|| 0|| 0|| 0|| 0|| 0|| 0|| 0|| 0|| 0|| 0|| 0|| 0|| 0|| 0|| 0|| 0|| 0|| 0|| 0|| 0|| 0|| 0|| 0|| 0|| 0|| 0|| 0|| 0|| 0|| 0|| 0|| 0|| 0|| 0|| 0|| 0|| 0|| 0|| 0|| 0|| 0|| 0|| 0|| 0|| 0|| 0|| 0|| 0|| 0|| 0|| 0|| 0|| 0|| 0|| 0|| 0|| 0|| 0|| 0|| 0|| 0|| 0|| 0|| 0|| 0|| 0|| 0|| 0|| 0|| 0|| 0|| 0|| 0|| 0|| 0|| 0|| 0|| 0|| 0|| 0|| 0|| 0|| 0|| 0|| 0|| 0|| 0|| 0|| 0|| 0|| 0|| 0|| 0|| 0|| 0|| 0|| 0|| 0|| 0|| 0|| 0|| 0|| 0|| 0|| 0|| 0|| 0|| 0|| 0|| 0|| 0|| 0|| 0|| 0|| 0|| 0|| 0|| 0|| 0|| 0|| 0|| 0|| 0|| 0|| 0|| 0|| 0|| 0|| 0|| 0|| 0|| 0|| 0|| 0|| 0|| 0|| 0|| 0|| 0|| 0|| 0|| 0|| 0|| 0|| 0|| 0|| 0|| 0|| 0|| 0|| 0|| 0|| 0|| 0|| 0|| 0|| 0|| 0|| 0|| 0|| 0|| 0|| 0|| 0|| 0|| 0|| 0|| 0|| 0|| 0|| 0|| 0|| 0|| 0|| 0|| 0|| 0|| 0|| 0|| 0|| 0|| 0|| 0|| 0|| 0|| 0|| 0|| 0|| 0|| 0|| 0|| 0|| 0|| 0|| 0|| 0|| 0|| 0|| 0|| 0|| 0|| 0|| 0|| 0|| 0|| 0|| 0|| 0|| 0|| 0|| 0|| 0|| 0|| 0|| 0|| 0|| 0|| 0|| 0|| 0|| 0|| 0|| 0|| 0|| 0|| 0|| 0|| 0|| 0|| 0|| 0|| 0|| 0|| 0|| 0|| 0|| 0|| 0|| 0|| 0|| 0|| 0|| 0|| 0|| 0|| 0|| 0|| 0|| 0|| 0|| 0|| 0|| 0|| 0|| 0|| 0|| 0|| 0|| 0|| 0|| 0|| 0|| 0|| 0|| 0|| 0|| 0|| 0|| 0|| 0|| 0|| 0|| 0|| 0|| 0|| 0|| 0|| 0|| 0|| 0|| 0|| 0|| 0|| 0|| 0|| 0|| 0|| 0|| 0|| 0|| 0|| 0|| 0|| 0|| 0|| 0|| 0|| 0|| 0|| 0|| 0|| 0|| 0|| 0|| 0|| 0|| 0|| 0|| 0|| 0|| 0|| 0|| 0|| 0|| 0|| 0|| 0|| 0|| 0|| 0|| 0|| 0|| 0|| 0|| 0|| 0|| 0|| 0|| 0|| 0|| 0|| 0|| 0|| 0|| 0|| 0|| 0|| 0|| 0|| 0|| 0|| 0|| 0|| 0|| 0|| 0|| 0|| 0|| 0|| 0|| 0|| 0|| 0|| 0|| 0|| 0|| 0|| 0|| 0|| 0|| 0|| 0|| 0|| 0|| 0|| 0|| 0|| 0|| 0|| 0|| 0|| 0|| 0|| 0|| 0|| 0|| 0|| 0|| 0|| 0|| 0|| 0|| 0|| 0|| 0|| 0|| 0|| 0|| 0|| 0|| 0|| 0|| 0|| 0|| 0|| 0|| 0|| 0|| 0|| 0|| 0|| 0|| 0|| 0|| 0|| 0|| 0|| 0|| 0|| 0|| 0|| 0|| 0|| 0|| 0|| 0|| 0|| 0|| 0|| 0|| 0|| 0|| 0|| 0|| 0|| 0|| 0|| 0|| 0|| 0|| 0|| 0|| 0|| 0|| 0|| 0|| 0|| 0|| 0|| 0|| 0|| 0|| 0|| 0|| 0|| 0|| 0|| 0|| 0|| 0|| 0|| 0|| 0|| 0|| 0|| 0|| 0|| 0|| 0|| 0|| 0|| 0|| 0|| 0|| 0|| 0|| 0|| 0|| 0|| 0|| 0|| 0|| 0|| 0|| 0|| 0|| 0|| 0|| 0|| 0|| 0|| 0|| 0|| 0|| 0|| 0|| 0|| 0|| 0|| 0|| 0|| 0|| 0|| 0|| 0|| 0|| 0|| 0|| 0|| 0|| 0|| 0|| 0|| 0|| 0|| 0|| 0|| 0|| 0|| 0|| 0|| 0|| 0|| 0|| 0|| 0|| 0|| 0|| 0|| 0|| 0|| 0|| 0|| 0|| 0|| 0|| 0|| 0|| 0|| 0|| 0|| 0|| 0|| 0|| 0|| 0|| 0|| 0|| 0|| 0|| 0|| 0|| 0|| 0|| 0|| 0|| 0|| 0|| 0|| 0|| 0|| 0|| 0|| 0|| 0|| 0|| 0|| 0|| 0|| 0|| 0|| 0|| 0|| 0|| 0|| 0|| 0|| 0|| 0|| 0|| 0|| 0|| 0|| 0|| 0|| 0|| 0|| 0|| 0|| 0|| 0|| 0|| 0|| 0|| 0|| 0|| 0|| 0|| 0|| 0|| 0|| 0|| 0|| 0|| 0|| 0|| 0|| 0|| 0|| 0|| 0|| 0|| 0|| 0|| 0|| 0|| 0|| 0|| 0|| 0|| 0|| 0|| 0|| 0|| 0|| 0|| 0|| 0|| 0|| 0|| 0|| 0|| 0|| 0|| 0|| 0|| 0|| 0|| 0|| 0|| 0|| 0|| 0|| 0|| 0|| 0|| 0|| 0|| 0|| 0|| 0|| 0|| 0|| 0|| 0|| 0|| 0|| 0|| 0|| 0|| 0|| 0|| 0|| 0|| 0|| 0|| 0|| 0|| 0|| 0|| 0|| 0|| 0|| 0|| 0|| 0|| 0|| 0|| 0|| 0|| 0|| 0|| 0|| 0|| 0|| 0|| 0|| 0|| 0|| 0|| 0|| 0|| 0|| 0|| 0|| 0|| 0|| 0|| 0|| 0|| 0|| 0|| 0|| 0|| 0|| 0|| 0|| 0|| 0|| 0|| 0|| 0|| 0|| 0|| 0|| 0|| 0|| 0|| 0|| 0|| 0|| 0|| 0|| 0|| 0|| 0|| 
0|| 0|| 1|| 1|| 0|| 0|| 0|| 0|| 0|| 0|| 0|| 0|| 0|| 0|| 0|| 0|| 0|| 0|| 0|| 0|| 0|| 0|| 0|| 0|| 0|| 0|| 0|| 0|| 0|| 0|| 0|| 0|| 0|| 0|| 0|| 0|| 0|| 0|| 0|| 0|| 0|| 0|| 0|| 0|| 0|| 0|| 0|| 0|| 0|| 0|| 0|| 0|| 0|| 0|| 0|| 0|| 0|| 0|| 0|| 0|| 0|| 0|| 0|| 0|| 0|| 0|| 0|| 0|| 0|| 0|| 0|| 0|| 0|| 0|| 0|| 0|| 0|| 0|| 0|| 0|| 0|| 0|| 0|| 0|| 0|| 0|| 0|| 0|| 0|| 0|| 0|| 0|| 0|| 0|| 0|| 0|| 0|| 0|| 0|| 0|| 0|| 0|| 0|| 0|| 0|| 0|| 0|| 0|| 0|| 0|| 0|| 0|| 0|| 0|| 0|| 0|| 0|| 0|| 0|| 0|| 0|| 0|| 0|| 0|| 0|| 0|| 0|| 0|| 0|| 0|| 0|| 0|| 0|| 0|| 0|| 0|| 0|| 0|| 0|| 0|| 0|| 0|| 0|| 0|| 0|| 0|| 0|| 0|| 0|| 0|| 0|| 0|| 0|| 0|| 0|| 0|| 0|| 0|| 0|| 0|| 0|| 0|| 0|| 0|| 0|| 0|| 0|| 0|| 0|| 0|| 0|| 0|| 0|| 0|| 0|| 0|| 0|| 0|| 0|| 0|| 0|| 0|| 0|| 0|| 0|| 0|| 0|| 0|| 0|| 0|| 0|| 0|| 0|| 0|| 0|| 0|| 0|| 0|| 0|| 0|| 0|| 0|| 0|| 0|| 0|| 0|| 0|| 0|| 0|| 0|| 0|| 0|| 0|| 0|| 0|| 0|| 0|| 0|| 0|| 0|| 0|| 0|| 0|| 0|| 0|| 0|| 0|| 0|| 0|| 0|| 0|| 0|| 0|| 0|| 0|| 0|| 0|| 0|| 0|| 0|| 0|| 0|| 0|| 0|| 0|| 0|| 0|| 0|| 0|| 0|| 0|| 0|| 0|| 0|| 0|| 0|| 0|| 0|| 0|| 0|| 0|| 0|| 0|| 0|| 0|| 0|| 0|| 0|| 0|| 0|| 0|| 0|| 0|| 0|| 0|| 0|| 0|| 0|| 0|| 0|| 0|| 0|| 0|| 0|| 0|| 0|| 0|| 0|| 0|| 0|| 0|| 0|| 0|| 0|| 0|| 0|| 0|| 0|| 0|| 0|| 0|| 0|| 0|| 0|| 0|| 0|| 0|| 0|| 0|| 0|| 0|| 0|| 0|| 0|| 0|| 0|| 0|| 0|| 0|| 0|| 0|| 0|| 0|| 0|| 0|| 0|| 0|| 0|| 0|| 0|| 0|| 0|| 0|| 0|| 0|| 0|| 0|| 0|| 0|| 0|| 0|| 0|| 0|| 0|| 0|| 0|| 0|| 0|| 0|| 0|| 0|| 0|| 0|| 0|| 0|| 0|| 0|| 0|| 0|| 0|| 0|| 0|| 0|| 0|| 0|| 0|| 0|| 0|| 0|| 0|| 0|| 0|| 0|| 0|| 0|| 0|| 0|| 0|| 0|| 0|| 0|| 0|| 0|| 0|| 0|| 0|| 0|| 0|| 0|| 0|| 0|| 0|| 0|| 0|| 0|| 0|| 0|| 0|| 0|| 0|| 0|| 0|| 0|| 0|| 0|| 0|| 0|| 0|| 0|| 0|| 0|| 0|| 0|| 0|| 0|| 0|| 0|| 0|| 0|| 0|| 0|| 0|| 0|| 0|| 0|| 0|| 0|| 0|| 0|| 0|| 0|| 0|| 0|| 0|| 0|| 0|| 0|| 0|| 0|| 0|| 0|| 0|| 0|| 0|| 0|| 0|| 0|| 0|| 0|| 0|| 0|| 0|| 0|| 0|| 0|| 0|| 0|| 0|| 0|| 0|| 0|| 0|| 0|| 0|| 0|| 0|| 0|| 0|| 0|| 0|| 0|| 0|| 0|| 0|| 0|| 0|| 0|| 0|| 0|| 0|| 0|| 0|| 0|| 0|| 0|| 0|| 0|| 0|| 0|| 0|| 0|| 0|| 0|| 0|| 0|| 0|| 0|| 0|| 0|| 0|| 0|| 0|| 0|| 0|| 0|| 0|| 0|| 0|| 0|| 0|| 0|| 0|| 0|| 0|| 0|| 0|| 0|| 0|| 0|| 0|| 0|| 0|| 0|| 0|| 0|| 0|| 0|| 0|| 0|| 0|| 0|| 0|| 0|| 0|| 0|| 0|| 0|| 0|| 0|| 0|| 0|| 0|| 0|| 0|| 0|| 0|| 0|| 0|| 0|| 0|| 0|| 0|| 0|| 0|| 0|| 0|| 0|| 0|| 0|| 0|| 0|| 0|| 0|| 0|| 0|| 0|| 0|| 0|| 0|| 0|| 0|| 0|| 0|| 0|| 0|| 0|| 0|| 0|| 0|| 0|| 0|| 0|| 0|| 0|| 0|| 0|| 0|| 0|| 0|| 0|| 0|| 0|| 0|| 0|| 0|| 0|| 0|| 0|| 0|| 0|| 0|| 0|| 0|| 0|| 0|| 0|| 0|| 0|| 0|| 0|| 0|| 0|| 0|| 0|| 0|| 0|| 0|| 0|| 0|| 0|| 0|| 0|| 0|| 0|| 0|| 0|| 0|| 0|| 0|| 0|| 0|| 0|| 0|| 0|| 0|| 0|| 0|| 0|| 0|| 0|| 0|| 0|| 0|| 0|| 0|| 0|| 0|| 0|| 0|| 0|| 0|| 0|| 0|| 0|| 0|| 0|| 0|| 0|| 0|| 0|| 0|| 0|| 0|| 0|| 0|| 0|| 0|| 0|| 0|| 0|| 0|| 0|| 0|| 0|| 0|| 0|| 0|| 0|| 0|| 0|| 0|| 0|| 0|| 0|| 0|| 0|| 0|| 0|| 0|| 0|| 0|| 0|| 0|| 0|| 0|| 0|| 0|| 0|| 0|| 0|| 0|| 0|| 0|| 0|| 0|| 0|| 0|| 0|| 0|| 0|| 0|| 0|| 0|| 0|| 0|| 0|| 0|| 0|| 0|| 0|| 0|| 0|| 0|| 0|| 0|| 0|| 0|| 0|| 0|| 0|| 0|| 0|| 0|| 0|| 0|| 0|| 0|| 0|| 0|| 0|| 0|| 0|| 0|| 0|| 0|| 0|| 0|| 0|| 0|| 0|| 0|| 0|| 0|| 0|| 0|| 0|| 0|| 0|| 0|| 0|| 0|| 0|| 0|| 0|| 0|| 0|| 0|| 0|| 0|| 0|| 0|| 0|| 0|| 0|| 0|| 0|| 0|| 0|| 0|| 0|| 0|| 0|| 0|| 0|| 0|| 0|| 0|| 0|| 0|| 0|| 0|| 0|| 0|| 0|| 0|| 0|| 0|| 0|| 0|| 0|| 0|| 0|| 0|| 0|| 0|| 0|| 0|| 0|| 0|| 0|| 0|| 0|| 0|| 0|| 0|| 0|| 0|| 0|| 0|| 0|| 0|| 0|| 0|| 0|| 0|| 0|| 0|| 0|| 0|| 0|| 0|| 0|| 0|| 0|| 0|| 0|| 0|| 0|| 0|| 0|| 0|| 0|| 0|| 0|| 0|| 0|| 0|| 0|| 0|| 0|| 0|| 0|| 0|| 0|| 0|| 0|| 0|| 0|| 0|| 0|| 0|| 0|| 0|| 0|| 0|| 0|| 0|| 0|| 0|| 0|| 0|| 0|| 0|| 0|| 0|| 0|| 0|| 0|| 0|| 0|| 0|| 0|| 0|| 0|| 0|| 0|| 0|| 0|| 0|| 0|| 0|| 0|| 0|| 0|| 0|| 0|| 0|| 0|| 0|| 0|| 0|| 0|| 0|| 0|| 0|| 0|| 0|| 0|| 0|| 0|| 0|| 0|| 0|| 0|| 0|| 0|| 0|| 0|| 0|| 0|| 0|| 0|| 0|| 0|| 0|| 0|| 0|| 0|| 0|| 0|| 0|| 0|| 0|| 0|| 0|| 0|| 0|| 0|| 0|| 0|| 0|| 0|| 0|| 0|| 0|| 0|| 0|| 0|| 0|| 0|| 0|| 0|| 0|| 0|| 0|| 0|| 0|| 0|| 0|| 0|| 0|| 0|| 0|| 0|| 0|| 0|| 0|| 0|| 0|| 0|| 0|| 0|| 0|| 0|| 0|| 0|| 0|| 0|| 0|| 0|| 0|| 0|| 0|| 0|| 0|| 0|| 0|| 0|| 0|| 0|| 0|| 0|| 0|| 0|| 0|| 0|| 0|| 0|| 0|| 0|| 0|| 0|| 0|| 0|| 0|| 0|| 0|| 0|| 0|| 0|| 0|| 0|| 0|| 0|| 0|| 0|| 0|| 0|| 0|| 0|| 0|| 0|| 0|| 0|| 0|| 0|| 0|| 0|| 0|| 0|| 0|| 0|| 0|| 0|| 0|| 0|| 0|| 0|| 0|| 0|| 0|| 0|| 0|| 0|| 0|| 0|| 0|| 0|| 0|| 0|| 0|| 0|| 0|| 0|| 0|| 0|| 0|| 0|| 0|| 0|| 0|| 0|| 0|| 0|| 0|| 0|| 0|| 0|| 0|| 0|| 0|| 0|| 0|| 0|| 0|| 0|| 0|| 0|| 0|| 0|| 0|| 0|| 0|| 0|| 0|| 0|| 0|| 0|| 0|| 0|| 0|| 0|| 0|| 0|| 0|| 0|| 0|| 0|| 0|| 0|| 0|| 0|| 0|| 0|| 0|| 0|| 0|| 0|| 0|| 0|| 0|| 0|| 0|| 0|| 0|| 0|| 0|| 0|| 0|| 0|| 0|| 0|| 0|| 0|| 0|| 0|| 0|| 0|| 0|| 0|| 0|| 0|| 0|| 0|| 0|| 0|| 0|| 0|| 0|| 0|| 0|| 0|| 0|| 0|| 0|| 0|| 0|| 0|| 0|| 0|| 0|| 0|| 0|| 0|| 0|| 0|| 0|| 0|| 0|| 0|| 0|| 0|| 0|| 0|| 0|| 0|| 0|| 0|| 0|| 0|| 0|| 0|| 0|| 0|| 0|| 0|| 0|| 0|| 0|| 0|| 0|| 0|| 0|| 0|| 0|| 0|| 0|| 0|| 0|| 0|| 0|| 0|| 0|| 0|| 0|| 0|| 0|| 0|| 0|| 0|| 0|| 0|| 0|| 0|| 0|| 0|| 0|| 0|| 0|| 0|| 0|| 0|| 0|| 0|| 0|| 0|| 0|| 0|| 0|| 0|| 0|| 0|| 0|| 0|| 0|| 0|| 0|| 0|| 0|| 0|| 0|| 0|| 0|| 0|| 0|| 0|| 0|| 0|| 0|| 0|| 0|| 0|| 0|| 0|| 0|| 0|| 0|| 0|| 0|| 0|| 0|| 0|| 0|| 0|| 0|| 0|| 0|| 0|| 0|| 0|| 0|| 0|| 0|| 0|| 0|| 0|| 0|| 0|| 0|| 0|| 0|| 0|| 0|| 0|| 0|| 0|| 0|| 0|| 0|| 0|| 0|| 0|| 0|| 0|| 0|| 0|| 0|| 0|| 0|| 0|| 0|| 0|| 0|| 0|| 0|| 0|| 0|| 0|| 0|| 0|| 0|| 0|| 0|| 0|| 0|| 0|| 0|| 0|| 0|| 0|| 0|| 0|| 0|| 0|| 0|| 0|| 0|| 0|| 0|| 0|| 0|| 0|| 0|| 0|| 0|| 0|| 0|| 0|| 0|| 0|| 0|| 0|| 0|| 0|| 0|| 0|| 0|| 0|| 0|| 0|| 0|| 0|| 0|| 0|| 0|| 0|| 0|| 0|| 0|| 0|| 0|| 0|| 0|| 0|| 0|| 0|| 0|| 0|| 0|| 0|| 0|| 0|| 0|| 0|| 0|| 0|| 0|| 0|| 0|| 0|| 0|| 0|| 0|| 0|| 0|| 0|| 0|| 0|| 0|| 0|| 0|| 0|| 0|| 0|| 0|| 0|| 0|| 0|| 0|| 0|| 0|| 0|| 0|| 0|| 0|| 0|| 0|| 0|| 0|| 0|| 0|| 0|| 0|| 0|| 0|| 0|| 0|| 0|| 0|| 0|| 0|| 0|| 0|| 0|| 0|| 0|| 0|| 0|| 0|| 0|| 0|| 0|| 0|| 0|| 0|| 0|| 0|| 0|| 0|| 0|| 0|| 0|| 0|| 0|| 0|| 0|| 0|| 0|| 0|| 0|| 0|| 0|| 0|| 0|| 0|| 0|| 0|| 0|| 0|| 0|| 0|| 0|| 0|| 0|| 0|| 0|| 0|| 0|| 0|| 0|| 0|| 0|| 0|| 0|| 0|| 0|| 0|| 0|| 0|| 0|| 0|| 0|| 0|| 0|| 0|| 0|| 0|| 0|| 0|| 0|| 0|| 0|| 0|| 0|| 0|| 0|| 0|| 0|| 0|| 0|| 0|| 0|| 0|| 0|| 0|| 0|| 0|| 0|| 0|| 0|| 0|| 0|| 0|| 0|| 0|| 0|| 0|| 0|| 0|| 0|| 0|| 0|| 0|| 0|| 0|| 0|| 0|| 0|| 0|| 0|| 0|| 0|| 0|| 0|| 0|| 0|| 0|| 0|| 0|| 0|| 0|| 0|| 0|| 0|| 0|| 0|| 0|| 0|| 0|| 0|| 0|| 0|| 0|| 0|| 0|| 0|| 0|| 0|| 0|| 0|| 0|| 0|| 0|| 0|| 0|| 0|| 0|| 0|| 0|| 0|| 0|| 0|| 0|| 0|| 0|| 0|| 0|| 0|| 0|| 0|| 0|| 0|| 0|| 0|| 0|| 0|| 0|| 0|| 0|| 0|| 0|| 0|| 0|| 0|| 0|| 0|| 0|| 0|| 0|| 0|| 0|| 0|| 0|| 0|| 0|| 0|| 0|| 0|| 0|| 0|| 0|| 0|| 0|| 0|| 0|| 0|| 0|| 0|| 0|| 0|| 0|| 0|| 0|| 0|| 0|| 0|| 0|| 0|| 0|| 0|| 0|| 0|| 0|| 0|| 0|| 0|| 0|| 0|| 0|| 0|| 0|| 0|| 0|| 0|| 0|| 0|| 0|| 0|| 0|| 0|| 0|| 0|| 0|| 0|| 0|| 0|| 0|| 0|| 0|| 0|| 0|| 0|| 0|| 0|| 0|| 0|| 0|| 0|| 0|| 0|| 0|| 0|| 0|| 0|| 0|| 0|| 0|| 0|| 0|| 0|| 0|| 0|| 0|| 0|| 0|| 0|| 0|| 0|| 0|| 0|| 0|| 0|| 0|| 0|| 0|| 0|| 0|| 0|| 0|| 0|| 0|| 0|| 0|| 0|| 0|| 0|| 0|| 0|| 0|| 0|| 0|| 0|| 0|| 0|| 0|| 0|| 0|| 0|| 0|| 0|| 0|| 0|| 0|| 0|| 0|| 0|| 0|| 0|| 0|| 0|| 0|| 0|| 0|| 0|| 0|| 0|| 0|| 0|| 0|| 0|| 0|| 0|| 0|| 0|| 0|| 0|| 0|| 0|| 0|| 0|| 0|| 0|| 0|| 0|| 0|| 0|| 0|| 0|| 0|| 0|| 0|| 0|| 0|| 0|| 0|| 0|| 0|| 0|| 0|| 0|| 0|| 0|| 0|| 0|| 0|| 0|| 0|| 0|| 0|| 0|| 0|| 0|| 0|| 0|| 0|| 0|| 0|| 0|| 0|| 0|| 0|| 0|| 0|| 0|| 0|| 0|| 0|| 0|| 0|| 0|| 0|| 0|| 0|| 0|| 0|| 0|| 0|| 0|| 0|| 0|| 0|| 0|| 0|| 0|| 0|| 0|| 0|| 0|| 0|| 0|| 0|| 0|| 0|| 0|| 0|| 0|| 0|| 0|| 0|| 0|| 0|| 0|| 0|| 0|| 0|| 0|| 0|| 0|| 0|| 0|| 0|| 0|| 0|| 0|| 0|| 0|| 0|| 0|| 0|| 0|| 0|| 0|| 0|| 0|| 0|| 0|| 0|| 0|| 0|| 0|| 0|| 0|| 0|| 0|| 0|| 0|| 0|| 0|| 0|| 0|| 0|| 0|| 0|| 0|| 0|| 0|| 0|| 0|| 0|| 0|| 0|| 0|| 0|| 0|| 0|| 0|| 0|| 0|| 0|| 0|| 0|| 0|| 0|| 0|| 0|| 0|| 0|| 0|| 0|| 0|| 0|| 0|| 0|| 0|| 0|| 0|| 0|| 0|| 0|| 0|| 0|| 0|| 0|| 0|| 0|| 0|| 0|| 0|| 0|| 0|| 0|| 0|| 0|| 0|| 0|| 0|| 0|| 0|| 0|| 0|| 0|| 0|| 0|| 0|| 0|| 0|| 0|| 0|| 0|| 0|| 0|| 0|| 0|| 0|| 0|| 0|| 0|| 0|| 0|| 0|| 0|| 0|| 0|| 0|| 0|| 0|| 0|| 0|| 0|| 0|| 0|| 0|| 0|| 0|| 0|| 0|| 0|| 0|| 0|| 0|| 0|| 0|| 0|| 0|| 0|| 0|| 0|| 0|| 0|| 0|| 0|| 0|| 0|| 0|| 0|| 0|| 0|| 0|| 0|| 0|| 0|| 0|| 0|| 0|| 0|| 0|| 0|| 0|| 0|| 0|| 0|| 0|| 0|| 0|| 0|| 0|| 0|| 0|| 0|| 0|| 0|| 0|| 0|| 0|| 0|| 0|| 0|| 0|| 0|| 0|| 0|| 0|| 0|| 0|| 0|| 0|| 0|| 0|| 0|| 0|| 0|| 0|| 0|| 0|| 0|| 0|| 0|| 0|| 0|| 0|| 0|| 0|| 0|| 0|| 0|| 0|| 0|| 0|| 0|| 0|| 0|| 0|| 0|| 0|| 0|| 0|| 0|| 0|| 
0|| 
0|| 0|| 
0|| 0|| 0|| 0|| 
0|| 0|| 0|| 0|| 0|| 0|| 0|| 0|| 
0|| 0|| 0|| 0|| 0|| 0|| 0|| 0|| 0|| 0|| 0|| 0|| 0|| 0|| 0|| 0|| 
0|| 0|| 0|| 0|| 0|| 0|| 0|| 0|| 0|| 0|| 0|| 0|| 0|| 0|| 0|| 0|| 0|| 0|| 0|| 0|| 0|| 0|| 0|| 0|| 0|| 0|| 0|| 0|| 0|| 0|| 0|| 0|| 
0|| 0|| 0|| 0|| 0|| 0|| 0|| 0|| 0|| 0|| 0|| 0|| 0|| 0|| 0|| 0|| 0|| 0|| 0|| 0|| 0|| 0|| 0|| 0|| 0|| 0|| 0|| 0|| 0|| 0|| 0|| 0|| 0|| 0|| 0|| 0|| 0|| 0|| 0|| 0|| 0|| 0|| 0|| 0|| 0|| 0|| 0|| 0|| 0|| 0|| 0|| 0|| 0|| 0|| 0|| 0|| 0|| 0|| 0|| 0|| 0|| 0|| 0|| 0|| 
0|| 0|| 0|| 0|| 0|| 0|| 0|| 0|| 0|| 0|| 0|| 0|| 0|| 0|| 0|| 0|| 0|| 0|| 0|| 0|| 0|| 0|| 0|| 0|| 0|| 0|| 0|| 0|| 0|| 0|| 0|| 0|| 0|| 0|| 0|| 0|| 0|| 0|| 0|| 0|| 0|| 0|| 0|| 0|| 0|| 0|| 0|| 0|| 0|| 0|| 0|| 0|| 0|| 0|| 0|| 0|| 0|| 0|| 0|| 0|| 0|| 0|| 0|| 0|| 0|| 0|| 0|| 0|| 0|| 0|| 0|| 0|| 0|| 0|| 0|| 0|| 0|| 0|| 0|| 0|| 0|| 0|| 0|| 0|| 0|| 0|| 0|| 0|| 0|| 0|| 0|| 0|| 0|| 0|| 0|| 0|| 0|| 0|| 0|| 0|| 0|| 0|| 0|| 0|| 0|| 0|| 0|| 0|| 0|| 0|| 0|| 0|| 0|| 0|| 0|| 0|| 0|| 0|| 0|| 0|| 0|| 0|| 0|| 0|| 0|| 0|| 0|| 0|| 
0|| 0|| 0|| 0|| 0|| 0|| 0|| 0|| 0|| 0|| 0|| 0|| 0|| 0|| 0|| 0|| 0|| 0|| 0|| 0|| 0|| 0|| 0|| 0|| 0|| 0|| 0|| 0|| 0|| 0|| 0|| 0|| 0|| 0|| 0|| 0|| 0|| 0|| 0|| 0|| 0|| 0|| 0|| 0|| 0|| 0|| 0|| 0|| 0|| 0|| 0|| 0|| 0|| 0|| 0|| 0|| 0|| 0|| 0|| 0|| 0|| 0|| 0|| 0|| 0|| 0|| 0|| 0|| 0|| 0|| 0|| 0|| 0|| 0|| 0|| 0|| 0|| 0|| 0|| 0|| 0|| 0|| 0|| 0|| 0|| 0|| 0|| 0|| 0|| 0|| 0|| 0|| 0|| 0|| 0|| 0|| 0|| 0|| 0|| 0|| 0|| 0|| 0|| 0|| 0|| 0|| 0|| 0|| 0|| 0|| 0|| 0|| 0|| 0|| 0|| 0|| 0|| 0|| 0|| 0|| 0|| 0|| 0|| 0|| 0|| 0|| 0|| 0|| 0|| 0|| 0|| 0|| 0|| 0|| 0|| 0|| 0|| 0|| 0|| 0|| 0|| 0|| 0|| 0|| 0|| 0|| 0|| 0|| 0|| 0|| 0|| 0|| 0|| 0|| 0|| 0|| 0|| 0|| 0|| 0|| 0|| 0|| 0|| 0|| 0|| 0|| 0|| 0|| 0|| 0|| 0|| 0|| 0|| 0|| 0|| 0|| 0|| 0|| 0|| 0|| 0|| 0|| 0|| 0|| 0|| 0|| 0|| 0|| 0|| 0|| 0|| 0|| 0|| 0|| 0|| 0|| 0|| 0|| 0|| 0|| 0|| 0|| 0|| 0|| 0|| 0|| 0|| 0|| 0|| 0|| 0|| 0|| 0|| 0|| 0|| 0|| 0|| 0|| 0|| 0|| 0|| 0|| 0|| 0|| 0|| 0|| 0|| 0|| 0|| 0|| 0|| 0|| 0|| 0|| 0|| 0|| 0|| 0|| 0|| 0|| 0|| 0|| 0|| 0|| 0|| 0|| 0|| 0|| 0|| 0|| 0|| 0|| 0|| 0|| 0|| 0|| 
0|| 0|| 0|| 0|| 0|| 0|| 0|| 0|| 0|| 0|| 0|| 0|| 0|| 0|| 0|| 0|| 0|| 0|| 0|| 0|| 0|| 0|| 0|| 0|| 0|| 0|| 0|| 0|| 0|| 0|| 0|| 0|| 0|| 0|| 0|| 0|| 0|| 0|| 0|| 0|| 0|| 0|| 0|| 0|| 0|| 0|| 0|| 0|| 0|| 0|| 0|| 0|| 0|| 0|| 0|| 0|| 0|| 0|| 0|| 0|| 0|| 0|| 0|| 0|| 0|| 0|| 0|| 0|| 0|| 0|| 0|| 0|| 0|| 0|| 0|| 0|| 0|| 0|| 0|| 0|| 0|| 0|| 0|| 0|| 0|| 0|| 0|| 0|| 0|| 0|| 0|| 0|| 0|| 0|| 0|| 0|| 0|| 0|| 0|| 0|| 0|| 0|| 0|| 0|| 0|| 0|| 0|| 0|| 0|| 0|| 0|| 0|| 0|| 0|| 0|| 0|| 0|| 0|| 0|| 0|| 0|| 0|| 0|| 0|| 0|| 0|| 0|| 0|| 0|| 0|| 0|| 0|| 0|| 0|| 0|| 0|| 0|| 0|| 0|| 0|| 0|| 0|| 0|| 0|| 0|| 0|| 0|| 0|| 0|| 0|| 0|| 0|| 0|| 0|| 0|| 0|| 0|| 0|| 0|| 0|| 0|| 0|| 0|| 0|| 0|| 0|| 0|| 0|| 0|| 0|| 0|| 0|| 0|| 0|| 0|| 0|| 0|| 0|| 0|| 0|| 0|| 0|| 0|| 0|| 0|| 0|| 0|| 0|| 0|| 0|| 0|| 0|| 0|| 0|| 0|| 0|| 0|| 0|| 0|| 0|| 0|| 0|| 0|| 0|| 0|| 0|| 0|| 0|| 0|| 0|| 0|| 0|| 0|| 0|| 0|| 0|| 0|| 0|| 0|| 0|| 0|| 0|| 0|| 0|| 0|| 0|| 0|| 0|| 0|| 0|| 0|| 0|| 0|| 0|| 0|| 0|| 0|| 0|| 0|| 0|| 0|| 0|| 0|| 0|| 0|| 0|| 0|| 0|| 0|| 0|| 0|| 0|| 0|| 0|| 0|| 0|| 0|| 0|| 0|| 0|| 0|| 0|| 0|| 0|| 0|| 0|| 0|| 0|| 0|| 0|| 0|| 0|| 0|| 0|| 0|| 0|| 0|| 0|| 0|| 0|| 0|| 0|| 0|| 0|| 0|| 0|| 0|| 0|| 0|| 0|| 0|| 0|| 0|| 0|| 0|| 0|| 0|| 0|| 0|| 0|| 0|| 0|| 0|| 0|| 0|| 0|| 0|| 0|| 0|| 0|| 0|| 0|| 0|| 0|| 0|| 0|| 0|| 0|| 0|| 0|| 0|| 0|| 0|| 0|| 0|| 0|| 0|| 0|| 0|| 0|| 0|| 0|| 0|| 0|| 0|| 0|| 0|| 0|| 0|| 0|| 0|| 0|| 0|| 0|| 0|| 0|| 0|| 0|| 0|| 0|| 0|| 0|| 0|| 0|| 0|| 0|| 0|| 0|| 0|| 0|| 0|| 0|| 0|| 0|| 0|| 0|| 0|| 0|| 0|| 0|| 0|| 0|| 0|| 0|| 0|| 0|| 0|| 0|| 0|| 0|| 0|| 0|| 0|| 0|| 0|| 0|| 0|| 0|| 0|| 0|| 0|| 0|| 0|| 0|| 0|| 0|| 0|| 0|| 0|| 0|| 0|| 0|| 0|| 0|| 0|| 0|| 0|| 0|| 0|| 0|| 0|| 0|| 0|| 0|| 0|| 0|| 0|| 0|| 0|| 0|| 0|| 0|| 0|| 0|| 0|| 0|| 0|| 0|| 0|| 0|| 0|| 0|| 0|| 0|| 0|| 0|| 0|| 0|| 0|| 0|| 0|| 0|| 0|| 0|| 0|| 0|| 0|| 0|| 0|| 0|| 0|| 0|| 0|| 0|| 0|| 0|| 0|| 0|| 0|| 0|| 0|| 0|| 0|| 0|| 0|| 0|| 0|| 0|| 0|| 0|| 0|| 0|| 0|| 0|| 0|| 0|| 0|| 0|| 0|| 0|| 0|| 0|| 0|| 0|| 0|| 0|| 0|| 0|| 0|| 0|| 0|| 0|| 0|| 0|| 0|| 0|| 0|| 0|| 0|| 0|| 0|| 0|| 0|| 0|| 0|| 0|| 0|| 0|| 0|| 0|| 0|| 0|| 
0|| 0|| 0|| 0|| 0|| 0|| 0|| 0|| 0|| 0|| 0|| 0|| 0|| 0|| 0|| 0|| 0|| 0|| 0|| 0|| 0|| 0|| 0|| 0|| 0|| 0|| 0|| 0|| 0|| 0|| 0|| 0|| 0|| 0|| 0|| 0|| 0|| 0|| 0|| 0|| 0|| 0|| 0|| 0|| 0|| 0|| 0|| 0|| 0|| 0|| 0|| 0|| 0|| 0|| 0|| 0|| 0|| 0|| 0|| 0|| 0|| 0|| 0|| 0|| 0|| 0|| 0|| 0|| 0|| 0|| 0|| 0|| 0|| 0|| 0|| 0|| 0|| 0|| 0|| 0|| 0|| 0|| 0|| 0|| 0|| 0|| 0|| 0|| 0|| 0|| 0|| 0|| 0|| 0|| 0|| 0|| 0|| 0|| 0|| 0|| 0|| 0|| 0|| 0|| 0|| 0|| 0|| 0|| 0|| 0|| 0|| 0|| 0|| 0|| 0|| 0|| 0|| 0|| 0|| 0|| 0|| 0|| 0|| 0|| 0|| 0|| 0|| 0|| 0|| 0|| 0|| 0|| 0|| 0|| 0|| 0|| 0|| 0|| 0|| 0|| 0|| 0|| 0|| 0|| 0|| 0|| 0|| 0|| 0|| 0|| 0|| 0|| 0|| 0|| 0|| 0|| 0|| 0|| 0|| 0|| 0|| 0|| 0|| 0|| 0|| 0|| 0|| 0|| 0|| 0|| 0|| 0|| 0|| 0|| 0|| 0|| 0|| 0|| 0|| 0|| 0|| 0|| 0|| 0|| 0|| 0|| 0|| 0|| 0|| 0|| 0|| 0|| 0|| 0|| 0|| 0|| 0|| 0|| 0|| 0|| 0|| 0|| 0|| 0|| 0|| 0|| 0|| 0|| 0|| 0|| 0|| 0|| 0|| 0|| 0|| 0|| 0|| 0|| 0|| 0|| 0|| 0|| 0|| 0|| 0|| 0|| 0|| 0|| 0|| 0|| 0|| 0|| 0|| 0|| 0|| 0|| 0|| 0|| 0|| 0|| 0|| 0|| 0|| 0|| 0|| 0|| 0|| 0|| 0|| 0|| 0|| 0|| 0|| 0|| 0|| 0|| 0|| 0|| 0|| 0|| 0|| 0|| 0|| 0|| 0|| 0|| 0|| 0|| 0|| 0|| 0|| 0|| 0|| 0|| 0|| 0|| 0|| 0|| 0|| 0|| 0|| 0|| 0|| 0|| 0|| 0|| 0|| 0|| 0|| 0|| 0|| 0|| 0|| 0|| 0|| 0|| 0|| 0|| 0|| 0|| 0|| 0|| 0|| 0|| 0|| 0|| 0|| 0|| 0|| 0|| 0|| 0|| 0|| 0|| 0|| 0|| 0|| 0|| 0|| 0|| 0|| 0|| 0|| 0|| 0|| 0|| 0|| 0|| 0|| 0|| 0|| 0|| 0|| 0|| 0|| 0|| 0|| 0|| 0|| 0|| 0|| 0|| 0|| 0|| 0|| 0|| 0|| 0|| 0|| 0|| 0|| 0|| 0|| 0|| 0|| 0|| 0|| 0|| 0|| 0|| 0|| 0|| 0|| 0|| 0|| 0|| 0|| 0|| 0|| 0|| 0|| 0|| 0|| 0|| 0|| 0|| 0|| 0|| 0|| 0|| 0|| 0|| 0|| 0|| 0|| 0|| 0|| 0|| 0|| 0|| 0|| 0|| 0|| 0|| 0|| 0|| 0|| 0|| 0|| 0|| 0|| 0|| 0|| 0|| 0|| 0|| 0|| 0|| 0|| 0|| 0|| 0|| 0|| 0|| 0|| 0|| 0|| 0|| 0|| 0|| 0|| 0|| 0|| 0|| 0|| 0|| 0|| 0|| 0|| 0|| 0|| 0|| 0|| 0|| 0|| 0|| 0|| 0|| 0|| 0|| 0|| 0|| 0|| 0|| 0|| 0|| 0|| 0|| 0|| 0|| 0|| 0|| 0|| 0|| 0|| 0|| 0|| 0|| 0|| 0|| 0|| 0|| 0|| 0|| 0|| 0|| 0|| 0|| 0|| 0|| 0|| 0|| 0|| 0|| 0|| 0|| 0|| 0|| 0|| 0|| 0|| 0|| 0|| 0|| 0|| 0|| 0|| 0|| 0|| 0|| 0|| 0|| 0|| 0|| 0|| 0|| 0|| 0|| 0|| 0|| 0|| 0|| 0|| 0|| 0|| 0|| 0|| 0|| 0|| 0|| 0|| 0|| 0|| 0|| 0|| 0|| 0|| 0|| 0|| 0|| 0|| 0|| 0|| 0|| 0|| 0|| 0|| 0|| 0|| 0|| 0|| 0|| 0|| 0|| 0|| 0|| 0|| 0|| 0|| 0|| 0|| 0|| 0|| 0|| 0|| 0|| 0|| 0|| 0|| 0|| 0|| 0|| 0|| 0|| 0|| 0|| 0|| 0|| 0|| 0|| 0|| 0|| 0|| 0|| 0|| 0|| 0|| 0|| 0|| 0|| 0|| 0|| 0|| 0|| 0|| 0|| 0|| 0|| 0|| 0|| 0|| 0|| 0|| 0|| 0|| 0|| 0|| 0|| 0|| 0|| 0|| 0|| 0|| 0|| 0|| 0|| 0|| 0|| 0|| 0|| 0|| 0|| 0|| 0|| 0|| 0|| 0|| 0|| 0|| 0|| 0|| 0|| 0|| 0|| 0|| 0|| 0|| 0|| 0|| 0|| 0|| 0|| 0|| 0|| 0|| 0|| 0|| 0|| 0|| 0|| 0|| 0|| 0|| 0|| 0|| 0|| 0|| 0|| 0|| 0|| 0|| 0|| 0|| 0|| 0|| 0|| 0|| 0|| 0|| 0|| 0|| 0|| 0|| 0|| 0|| 0|| 0|| 0|| 0|| 0|| 0|| 0|| 0|| 0|| 0|| 0|| 0|| 0|| 0|| 0|| 0|| 0|| 0|| 0|| 0|| 0|| 0|| 0|| 0|| 0|| 0|| 0|| 0|| 0|| 0|| 0|| 0|| 0|| 0|| 0|| 0|| 0|| 0|| 0|| 0|| 0|| 0|| 0|| 0|| 0|| 0|| 0|| 0|| 0|| 0|| 0|| 0|| 0|| 0|| 0|| 0|| 0|| 0|| 0|| 0|| 0|| 0|| 0|| 0|| 0|| 0|| 0|| 0|| 0|| 0|| 0|| 0|| 0|| 0|| 0|| 0|| 0|| 0|| 0|| 0|| 0|| 0|| 0|| 0|| 0|| 0|| 0|| 0|| 0|| 0|| 0|| 0|| 0|| 0|| 0|| 0|| 0|| 0|| 0|| 0|| 0|| 0|| 0|| 0|| 0|| 0|| 0|| 0|| 0|| 0|| 0|| 0|| 0|| 0|| 0|| 0|| 0|| 0|| 0|| 0|| 0|| 0|| 0|| 0|| 0|| 0|| 0|| 0|| 0|| 0|| 0|| 0|| 0|| 0|| 0|| 0|| 0|| 0|| 0|| 0|| 0|| 0|| 0|| 0|| 0|| 0|| 0|| 0|| 0|| 0|| 0|| 0|| 0|| 0|| 0|| 0|| 0|| 0|| 0|| 0|| 0|| 0|| 0|| 0|| 0|| 0|| 0|| 0|| 0|| 0|| 0|| 0|| 0|| 0|| 0|| 0|| 0|| 0|| 0|| 0|| 0|| 0|| 0|| 0|| 0|| 0|| 0|| 0|| 0|| 0|| 0|| 0|| 0|| 0|| 0|| 0|| 0|| 0|| 0|| 0|| 0|| 0|| 0|| 0|| 0|| 0|| 0|| 0|| 0|| 0|| 0|| 0|| 0|| 0|| 0|| 0|| 0|| 0|| 0|| 0|| 0|| 0|| 0|| 0|| 0|| 0|| 0|| 0|| 0|| 0|| 0|| 0|| 0|| 0|| 0|| 0|| 0|| 0|| 0|| 0|| 0|| 0|| 0|| 0|| 0|| 0|| 0|| 0|| 0|| 0|| 0|| 0|| 0|| 0|| 0|| 0|| 0|| 0|| 0|| 0|| 0|| 0|| 0|| 0|| 0|| 0|| 0|| 0|| 0|| 0|| 0|| 0|| 0|| 0|| 0|| 0|| 0|| 0|| 0|| 0|| 0|| 0|| 0|| 0|| 0|| 0|| 0|| 0|| 0|| 0|| 0|| 0|| 0|| 0|| 0|| 0|| 0|| 0|| 0|| 0|| 0|| 0|| 0|| 0|| 0|| 0|| 0|| 0|| 0|| 0|| 0|| 0|| 0|| 0|| 0|| 0|| 0|| 0|| 0|| 0|| 0|| 0|| 0|| 0|| 0|| 0|| 0|| 0|| 0|| 0|| 0|| 0|| 0|| 0|| 0|| 0|| 0|| 0|| 0|| 0|| 0|| 0|| 0|| 0|| 0|| 0|| 0|| 0|| 0|| 0|| 0|| 0|| 0|| 0|| 0|| 0|| 0|| 0|| 0|| 0|| 0|| 0|| 0|| 0|| 0|| 0|| 0|| 0|| 0|| 
0|| 0|| 0|| 0|| 0|| 0|| 0|| 0|| 0|| 0|| 0|| 0|| 0|| 0|| 0|| 0|| 0|| 0|| 0|| 0|| 0|| 0|| 0|| 0|| 0|| 0|| 0|| 0|| 0|| 0|| 0|| 0|| 0|| 0|| 0|| 0|| 0|| 0|| 0|| 0|| 0|| 0|| 0|| 0|| 0|| 0|| 0|| 0|| 0|| 0|| 0|| 0|| 0|| 0|| 0|| 0|| 0|| 0|| 0|| 0|| 0|| 0|| 0|| 0|| 0|| 0|| 0|| 0|| 0|| 0|| 0|| 0|| 0|| 0|| 0|| 0|| 0|| 0|| 0|| 0|| 0|| 0|| 0|| 0|| 0|| 0|| 0|| 0|| 0|| 0|| 0|| 0|| 0|| 0|| 0|| 0|| 0|| 0|| 0|| 0|| 0|| 0|| 0|| 0|| 0|| 0|| 0|| 0|| 0|| 0|| 0|| 0|| 0|| 0|| 0|| 0|| 0|| 0|| 0|| 0|| 0|| 0|| 0|| 0|| 0|| 0|| 0|| 0|| 0|| 0|| 0|| 0|| 0|| 0|| 0|| 0|| 0|| 0|| 0|| 0|| 0|| 0|| 0|| 0|| 0|| 0|| 0|| 0|| 0|| 0|| 0|| 0|| 0|| 0|| 0|| 0|| 0|| 0|| 0|| 0|| 0|| 0|| 0|| 0|| 0|| 0|| 0|| 0|| 0|| 0|| 0|| 0|| 0|| 0|| 0|| 0|| 0|| 0|| 0|| 0|| 0|| 0|| 0|| 0|| 0|| 0|| 0|| 0|| 0|| 0|| 0|| 0|| 0|| 0|| 0|| 0|| 0|| 0|| 0|| 0|| 0|| 0|| 0|| 0|| 0|| 0|| 0|| 0|| 0|| 0|| 0|| 0|| 0|| 0|| 0|| 0|| 0|| 0|| 0|| 0|| 0|| 0|| 0|| 0|| 0|| 0|| 0|| 0|| 0|| 0|| 0|| 0|| 0|| 0|| 0|| 0|| 0|| 0|| 0|| 0|| 0|| 0|| 0|| 0|| 0|| 0|| 0|| 0|| 0|| 0|| 0|| 0|| 0|| 0|| 0|| 0|| 0|| 0|| 0|| 0|| 0|| 0|| 0|| 0|| 0|| 0|| 0|| 0|| 0|| 0|| 0|| 0|| 0|| 0|| 0|| 0|| 0|| 0|| 0|| 0|| 0|| 0|| 0|| 0|| 0|| 0|| 0|| 0|| 0|| 0|| 0|| 0|| 0|| 0|| 0|| 0|| 0|| 0|| 0|| 0|| 0|| 0|| 0|| 0|| 0|| 0|| 0|| 0|| 0|| 0|| 0|| 0|| 0|| 0|| 0|| 0|| 0|| 0|| 0|| 0|| 0|| 0|| 0|| 0|| 0|| 0|| 0|| 0|| 0|| 0|| 0|| 0|| 0|| 0|| 0|| 0|| 0|| 0|| 0|| 0|| 0|| 0|| 0|| 0|| 0|| 0|| 0|| 0|| 0|| 0|| 0|| 0|| 0|| 0|| 0|| 0|| 0|| 0|| 0|| 0|| 0|| 0|| 0|| 0|| 0|| 0|| 0|| 0|| 0|| 0|| 0|| 0|| 0|| 0|| 0|| 0|| 0|| 0|| 0|| 0|| 0|| 0|| 0|| 0|| 0|| 0|| 0|| 0|| 0|| 0|| 0|| 0|| 0|| 0|| 0|| 0|| 0|| 0|| 0|| 0|| 0|| 0|| 0|| 0|| 0|| 0|| 0|| 0|| 0|| 0|| 0|| 0|| 0|| 0|| 0|| 0|| 0|| 0|| 0|| 0|| 0|| 0|| 0|| 0|| 0|| 0|| 0|| 0|| 0|| 0|| 0|| 0|| 0|| 0|| 0|| 0|| 0|| 0|| 0|| 0|| 0|| 0|| 0|| 0|| 0|| 0|| 0|| 0|| 0|| 0|| 0|| 0|| 0|| 0|| 0|| 0|| 0|| 0|| 0|| 0|| 0|| 0|| 0|| 0|| 0|| 0|| 0|| 0|| 0|| 0|| 0|| 0|| 0|| 0|| 0|| 0|| 0|| 0|| 0|| 0|| 0|| 0|| 0|| 0|| 0|| 0|| 0|| 0|| 0|| 0|| 0|| 0|| 0|| 0|| 0|| 0|| 0|| 0|| 0|| 0|| 0|| 0|| 0|| 0|| 0|| 0|| 0|| 0|| 0|| 0|| 0|| 0|| 0|| 0|| 0|| 0|| 0|| 0|| 0|| 0|| 0|| 0|| 0|| 0|| 0|| 0|| 0|| 0|| 0|| 0|| 0|| 0|| 0|| 0|| 0|| 0|| 0|| 0|| 0|| 0|| 0|| 0|| 0|| 0|| 0|| 0|| 0|| 0|| 0|| 0|| 0|| 0|| 0|| 0|| 0|| 0|| 0|| 0|| 0|| 0|| 0|| 0|| 0|| 0|| 0|| 0|| 0|| 0|| 0|| 0|| 0|| 0|| 0|| 0|| 0|| 0|| 0|| 0|| 0|| 0|| 0|| 0|| 0|| 0|| 0|| 0|| 0|| 0|| 0|| 0|| 0|| 0|| 0|| 0|| 0|| 0|| 0|| 0|| 0|| 0|| 0|| 0|| 0|| 0|| 0|| 0|| 0|| 0|| 0|| 0|| 0|| 0|| 0|| 0|| 0|| 0|| 0|| 0|| 0|| 0|| 0|| 0|| 0|| 0|| 0|| 0|| 0|| 0|| 0|| 0|| 0|| 0|| 0|| 0|| 0|| 0|| 0|| 0|| 0|| 0|| 0|| 0|| 0|| 0|| 0|| 0|| 0|| 0|| 0|| 0|| 0|| 0|| 0|| 0|| 0|| 0|| 0|| 0|| 0|| 0|| 0|| 0|| 0|| 0|| 0|| 0|| 0|| 0|| 0|| 0|| 0|| 0|| 0|| 0|| 0|| 0|| 0|| 0|| 0|| 0|| 0|| 0|| 0|| 0|| 0|| 0|| 0|| 0|| 0|| 0|| 0|| 0|| 0|| 0|| 0|| 0|| 0|| 0|| 0|| 0|| 0|| 0|| 0|| 0|| 0|| 0|| 0|| 0|| 0|| 0|| 0|| 0|| 0|| 0|| 0|| 0|| 0|| 0|| 0|| 0|| 0|| 0|| 0|| 0|| 0|| 0|| 0|| 0|| 0|| 0|| 0|| 0|| 0|| 0|| 0|| 0|| 0|| 0|| 0|| 0|| 0|| 0|| 0|| 0|| 0|| 0|| 0|| 0|| 0|| 0|| 0|| 0|| 0|| 0|| 0|| 0|| 0|| 0|| 0|| 0|| 0|| 0|| 0|| 0|| 0|| 0|| 0|| 0|| 0|| 0|| 0|| 0|| 0|| 0|| 0|| 0|| 0|| 0|| 0|| 0|| 0|| 0|| 0|| 0|| 0|| 0|| 0|| 0|| 0|| 0|| 0|| 0|| 0|| 0|| 0|| 0|| 0|| 0|| 0|| 0|| 0|| 0|| 0|| 0|| 0|| 0|| 0|| 0|| 0|| 0|| 0|| 0|| 0|| 0|| 0|| 0|| 0|| 0|| 0|| 0|| 0|| 0|| 0|| 0|| 0|| 0|| 0|| 0|| 0|| 0|| 0|| 0|| 0|| 0|| 0|| 0|| 0|| 0|| 0|| 0|| 0|| 0|| 0|| 0|| 0|| 0|| 0|| 0|| 0|| 0|| 0|| 0|| 0|| 0|| 0|| 0|| 0|| 0|| 0|| 0|| 0|| 0|| 0|| 0|| 0|| 0|| 0|| 0|| 0|| 0|| 0|| 0|| 0|| 0|| 0|| 0|| 0|| 0|| 0|| 0|| 0|| 0|| 0|| 0|| 0|| 0|| 0|| 0|| 0|| 0|| 0|| 0|| 0|| 0|| 0|| 0|| 0|| 0|| 0|| 0|| 0|| 0|| 0|| 0|| 0|| 0|| 0|| 0|| 0|| 0|| 0|| 0|| 0|| 0|| 0|| 0|| 0|| 0|| 0|| 0|| 0|| 0|| 0|| 0|| 0|| 0|| 0|| 0|| 0|| 0|| 0|| 0|| 0|| 0|| 0|| 0|| 0|| 0|| 0|| 0|| 0|| 0|| 0|| 0|| 0|| 0|| 0|| 0|| 0|| 0|| 0|| 0|| 0|| 0|| 0|| 0|| 0|| 0|| 0|| 0|| 0|| 0|| 0|| 0|| 0|| 0|| 0|| 0|| 0|| 0|| 0|| 0|| 0|| 0|| 0|| 0|| 0|| 0|| 0|| 0|| 0|| 0|| 0|| 0|| 0|| 0|| 0|| 0|| 0|| 0|| 0|| 0|| 0|| 0|| 0|| 0|| 0|| 0|| 0|| 0|| 0|| 0|| 0|| 0|| 0|| 0|| 0|| 0|| 0|| 0|| 0|| 0|| 0|| 0|| 0|| 0|| 0|| 0|| 0|| 0|| 0|| 0|| 0|| 0|| 0|| 0|| 0|| 0|| 0|| 0|| 0|| 0|| 0|| 0|| 0|| 0|| 0|| 0|| 0|| 0|| 0|| 0|| 0|| 0|| 0|| 0|| 0|| 0|| 0|| 0|| 0|| 0|| 0|| 0|| 0|| 0|| 0|| 0|| 0|| 0|| 0|| 0|| 0|| 0|| 0|| 0|| 0|| 0|| 0|| 0|| 0|| 0|| 0|| 0|| 0|| 0|| 0|| 0|| 0|| 0|| 0|| 0|| 0|| 0|| 0|| 0|| 0|| 0|| 0|| 0|| 0|| 0|| 0|| 0|| 0|| 0|| 0|| 0|| 0|| 0|| 0|| 0|| 0|| 0|| 0|| 0|| 0|| 0|| 0|| 0|| 0|| 0|| 0|| 0|| 0|| 0|| 0|| 0|| 0|| 0|| 0|| 0|| 0|| 0|| 0|| 0|| 0|| 0|| 0|| 0|| 0|| 0|| 0|| 0|| 0|| 0|| 0|| 0|| 0|| 0|| 0|| 0|| 0|| 0|| 0|| 0|| 0|| 0|| 0|| 0|| 0|| 0|| 0|| 0|| 0|| 0|| 0|| 0|| 0|| 0|| 0|| 0|| 0|| 0|| 0|| 0|| 0|| 0|| 0|| 0|| 0|| 0|| 0|| 0|| 0|| 0|| 0|| 0|| 0|| 0|| 0|| 0|| 0|| 0|| 0|| 0|| 0|| 0|| 0|| 0|| 0|| 0|| 0|| 0|| 0|| 0|| 0|| 0|| 0|| 0|| 0|| 0|| 0|| 0|| 0|| 0|| 0|| 0|| 0|| 0|| 0|| 0|| 0|| 0|| 0|| 0|| 0|| 0|| 0|| 0|| 0|| 0|| 0|| 0|| 0|| 0|| 0|| 0|| 0|| 0|| 0|| 0|| 0|| 0|| 0|| 0|| 0|| 0|| 0|| 0|| 0|| 0|| 0|| 0|| 0|| 0|| 0|| 0|| 0|| 0|| 0|| 0|| 0|| 0|| 0|| 0|| 0|| 0|| 0|| 0|| 0|| 0|| 0|| 0|| 0|| 0|| 0|| 0|| 0|| 0|| 0|| 0|| 0|| 0|| 0|| 0|| 0|| 0|| 0|| 0|| 0|| 0|| 0|| 0|| 0|| 0|| 0|| 0|| 0|| 0|| 0|| 0|| 0|| 0|| 0|| 0|| 0|| 0|| 0|| 0|| 0|| 0|| 0|| 0|| 0|| 0|| 0|| 0|| 0|| 0|| 0|| 0|| 0|| 0|| 0|| 0|| 0|| 0|| 0|| 0|| 0|| 0|| 0|| 0|| 0|| 0|| 0|| 0|| 0|| 0|| 0|| 0|| 0|| 0|| 0|| 0|| 0|| 0|| 0|| 0|| 0|| 0|| 0|| 0|| 0|| 0|| 0|| 0|| 0|| 0|| 0|| 0|| 0|| 0|| 0|| 0|| 0|| 0|| 0|| 0|| 0|| 0|| 0|| 0|| 0|| 0|| 0|| 0|| 0|| 0|| 0|| 0|| 0|| 0|| 0|| 0|| 0|| 0|| 0|| 0|| 0|| 0|| 0|| 0|| 0|| 0|| 0|| 0|| 0|| 0|| 0|| 0|| 0|| 0|| 0|| 0|| 0|| 0|| 0|| 0|| 0|| 0|| 0|| 0|| 0|| 0|| 0|| 0|| 0|| 0|| 0|| 0|| 0|| 0|| 0|| 0|| 0|| 0|| 0|| 0|| 0|| 0|| 0|| 0|| 0|| 0|| 0|| 0|| 0|| 0|| 0|| 0|| 0|| 0|| 0|| 0|| 0|| 0|| 0|| 0|| 0|| 0|| 0|| 0|| 0|| 0|| 0|| 0|| 0|| 0|| 0|| 0|| 0|| 0|| 0|| 0|| 0|| 0|| 0|| 0|| 0|| 0|| 0|| 0|| 0|| 0|| 0|| 0|| 0|| 0|| 0|| 0|| 0|| 0|| 0|| 0|| 0|| 0|| 0|| 0|| 0|| 0|| 0|| 0|| 0|| 0|| 0|| 0|| 0|| 0|| 0|| 0|| 0|| 0|| 0|| 0|| 0|| 0|| 0|| 0|| 0|| 0|| 0|| 0|| 0|| 0|| 0|| 0|| 0|| 0|| 0|| 0|| 0|| 0|| 0|| 0|| 0|| 0|| 0|| 0|| 0|| 0|| 0|| 0|| 0|| 0|| 0|| 0|| 0|| 0|| 0|| 0|| 0|| 0|| 0|| 0|| 0|| 0|| 0|| 0|| 0|| 0|| 0|| 0|| 0|| 0|| 0|| 0|| 0|| 0|| 0|| 0|| 0|| 0|| 0|| 0|| 0|| 0|| 0|| 0|| 0|| 0|| 0|| 0|| 0|| 0|| 0|| 0|| 0|| 0|| 0|| 0|| 0|| 0|| 0|| 0|| 0|| 0|| 0|| 0|| 0|| 0|| 0|| 0|| 0|| 0|| 0|| 0|| 0|| 0|| 0|| 0|| 0|| 0|| 0|| 0|| 0|| 0|| 0|| 0|| 0|| 0|| 0|| 0|| 0|| 0|| 0|| 0|| 0|| 0|| 0|| 0|| 0|| 0|| 0|| 0|| 0|| 0|| 0|| 0|| 0|| 0|| 0|| 0|| 0|| 0|| 0|| 0|| 0|| 0|| 0|| 0|| 0|| 0|| 0|| 0|| 0|| 0|| 0|| 0|| 0|| 0|| 0|| 0|| 0|| 0|| 0|| 0|| 0|| 0|| 0|| 0|| 0|| 0|| 0|| 0|| 0|| 0|| 0|| 0|| 0|| 0|| 0|| 0|| 0|| 0|| 0|| 0|| 0|| 0|| 0|| 0|| 0|| 0|| 0|| 0|| 0|| 0|| 0|| 0|| 0|| 0|| 0|| 0|| 0|| 0|| 0|| 0|| 0|| 0|| 0|| 0|| 0|| 0|| 0|| 0|| 0|| 0|| 0|| 0|| 0|| 0|| 0|| 0|| 0|| 0|| 0|| 0|| 0|| 0|| 0|| 0|| 0|| 0|| 0|| 0|| 0|| 0|| 0|| 0|| 0|| 0|| 0|| 0|| 0|| 0|| 0|| 0|| 0|| 0|| 0|| 0|| 0|| 0|| 0|| 0|| 0|| 0|| 0|| 0|| 0|| 0|| 0|| 0|| 0|| 0|| 0|| 0|| 0|| 0|| 0|| 0|| 0|| 0|| 0|| 0|| 0|| 0|| 0|| 0|| 0|| 0|| 0|| 0|| 0|| 0|| 0|| 0|| 0|| 0|| 0|| 0|| 0|| 0|| 0|| 0|| 0|| 0|| 0|| 0|| 0|| 0|| 0|| 0|| 0|| 0|| 0|| 0|| 0|| 0|| 0|| 0|| 0|| 0|| 0|| 0|| 0|| 0|| 0|| 0|| 0|| 0|| 0|| 0|| 0|| 0|| 0|| 0|| 0|| 0|| 0|| 0|| 0|| 0|| 0|| 0|| 0|| 0|| 0|| 0|| 0|| 0|| 0|| 0|| 0|| 0|| 0|| 0|| 0|| 0|| 0|| 0|| 0|| 0|| 0|| 0|| 0|| 0|| 0|| 0|| 0|| 0|| 0|| 0|| 0|| 0|| 0|| 0|| 0|| 0|| 0|| 0|| 0|| 0|| 0|| 0|| 0|| 0|| 0|| 0|| 0|| 0|| 0|| 0|| 0|| 0|| 0|| 0|| 0|| 0|| 0|| 0|| 0|| 0|| 0|| 0|| 0|| 0|| 0|| 0|| 0|| 0|| 0|| 0|| 0|| 0|| 0|| 0|| 0|| 0|| 0|| 0|| 0|| 0|| 0|| 0|| 0|| 0|| 0|| 0|| 0|| 0|| 0|| 0|| 0|| 0|| 0|| 0|| 0|| 0|| 0|| 0|| 0|| 0|| 0|| 0|| 0|| 0|| 0|| 0|| 0|| 0|| 0|| 0|| 0|| 0|| 0|| 0|| 0|| 0|| 0|| 0|| 0|| 0|| 0|| 0|| 0|| 0|| 0|| 0|| 0|| 0|| 0|| 0|| 0|| 0|| 0|| 0|| 0|| 0|| 0|| 0|| 0|| 0|| 0|| 0|| 0|| 0|| 0|| 0|| 0|| 0|| 0|| 0|| 0|| 0|| 0|| 0|| 0|| 0|| 0|| 0|| 0|| 0|| 0|| 0|| 0|| 0|| 0|| 0|| 0|| 0|| 0|| 0|| 0|| 0|| 0|| 0|| 0|| 0|| 0|| 0|| 0|| 0|| 0|| 0|| 0|| 0|| 0|| 0|| 0|| 0|| 0|| 0|| 0|| 0|| 0|| 0|| 0|| 0|| 0|| 0|| 0|| 0|| 0|| 0|| 0|| 0|| 0|| 0|| 0|| 0|| 0|| 0|| 0|| 0|| 0|| 0|| 0|| 0|| 0|| 0|| 0|| 0|| 0|| 0|| 0|| 0|| 0|| 0|| 0|| 0|| 0|| 0|| 0|| 0|| 0|| 0|| 
selection vector element:0
database value: 1
noise budget: 34
result: 0

selection vector element:0
database value: 4
noise budget: 33
result: 0

selection vector element:0
database value: 9
noise budget: 34
result: 0

selection vector element:1
database value: 19
noise budget: 34
result: 19

selection vector element:0
database value: 31
noise budget: 33
result: 0

selection vector element:0
database value: 40
noise budget: 33
result: 0

noise budget: 27
Query result:19
