bitlength = 4096, hamming_weight = 3, x = 3

Database:
{1,1},
{2,4},
{3,9},
{5,25},

100x^4 + 100x^1 + 100 || 
Expanded query size:4096
100x^4 + 100x^1 + 100|| 
200x^4 + 200|| 200|| 
400x^4 + 400|| 400|| 0|| 0|| 
3FF|| 3FF|| 0|| 0|| 3FF|| 0|| 0|| 0|| 
3FD|| 3FD|| 0|| 0|| 3FD|| 0|| 0|| 0|| 0|| 0|| 0|| 0|| 0|| 0|| 0|| 0|| 
3F9|| 3F9|| 0|| 0|| 3F9|| 0|| 0|| 0|| 0|| 0|| 0|| 0|| 0|| 0|| 0|| 0|| 0|| 0|| 0|| 0|| 0|| 0|| 0|| 0|| 0|| 0|| 0|| 0|| 0|| 0|| 0|| 0|| 
3F1|| 3F1|| 0|| 0|| 3F1|| 0|| 0|| 0|| 0|| 0|| 0|| 0|| 0|| 0|| 0|| 0|| 0|| 0|| 0|| 0|| 0|| 0|| 0|| 0|| 0|| 0|| 0|| 0|| 0|| 0|| 0|| 0|| 0|| 0|| 0|| 0|| 0|| 0|| 0|| 0|| 0|| 0|| 0|| 0|| 0|| 0|| 0|| 0|| 0|| 0|| 0|| 0|| 0|| 0|| 0|| 0|| 0|| 0|| 0|| 0|| 0|| 0|| 0|| 0|| 
3E1|| 3E1|| 0|| 0|| 3E1|| 0|| 0|| 0|| 0|| 0|| 0|| 0|| 0|| 0|| 0|| 0|| 0|| 0|| 0|| 0|| 0|| 0|| 0|| 0|| 0|| 0|| 0|| 0|| 0|| 0|| 0|| 0|| 0|| 0|| 0|| 0|| 0|| 0|| 0|| 0|| 0|| 0|| 0|| 0|| 0|| 0|| 0|| 0|| 0|| 0|| 0|| 0|| 0|| 0|| 0|| 0|| 0|| 0|| 0|| 0|| 0|| 0|| 0|| 0|| 0|| 0|| 0|| 0|| 0|| 0|| 0|| 0|| 0|| 0|| 0|| 0|| 0|| 0|| 0|| 0|| 0|| 0|| 0|| 0|| 0|| 0|| 0|| 0|| 0|| 0|| 0|| 0|| 0|| 0|| 0|| 0|| 0|| 0|| 0|| 0|| 0|| 0|| 0|| 0|| 0|| 0|| 0|| 0|| 0|| 0|| 0|| 0|| 0|| 0|| 0|| 0|| 0|| 0|| 0|| 0|| 0|| 0|| 0|| 0|| 0|| 0|| 0|| 0|| 
3C1|| 3C1|| 0|| 0|| 3C1|| 0|| 0|| 0|| 0|| 0|| 0|| 0|| 0|| 0|| 0|| 0|| 0|| 0|| 0|| 0|| 0|| 0|| 0|| 0|| 0|| 0|| 0|| 0|| 0|| 0|| 0|| 0|| 0|| 0|| 0|| 0|| 0|| 0|| 0|| 0|| 0|| 0|| 0|| 0|| 0|| 0|| 0|| 0|| 0|| 0|| 0|| 0|| 0|| 0|| 0|| 0|| 0|| 0|| 0|| 0|| 0|| 0|| 0|| 0|| 0|| 0|| 0|| 0|| 0|| 0|| 0|| 0|| 0|| 0|| 0|| 0|| 0|| 0|| 0|| 0|| 0|| 0|| 0|| 0|| 0|| 0|| 0|| 0|| 0|| 0|| 0|| 0|| 0|| 0|| 0|| 0|| 0|| 0|| 0|| 0|| 0|| 0|| 0|| 0|| 0|| 0|| 0|| 0|| 0|| 0|| 0|| 0|| 0|| 0|| 0|| 0|| 0|| 0|| 0|| 0|| 0|| 0|| 0|| 0|| 0|| 0|| 0|| 0|| 0|| 0|| 0|| 0|| 0|| 0|| 0|| 0|| 0|| 0|| 0|| 0|| 0|| 0|| 0|| 0|| 0|| 0|| 0|| 0|| 0|| 0|| 0|| 0|| 0|| 0|| 0|| 0|| 0|| 0|| 0|| 0|| 0|| 0|| 0|| 0|| 0|| 0|| 0|| 0|| 0|| 0|| 0|| 0|| 0|| 0|| 0|| 0|| 0|| 0|| 0|| 0|| 0|| 0|| 0|| 0|| 0|| 0|| 0|| 0|| 0|| 0|| 0|| 0|| 0|| 0|| 0|| 0|| 0|| 0|| 0|| 0|| 0|| 0|| 0|| 0|| 0|| 0|| 0|| 0|| 0|| 0|| 0|| 0|| 0|| 0|| 0|| 0|| 0|| 0|| 0|| 0|| 0|| 0|| 0|| 0|| 0|| 0|| 0|| 0|| 0|| 0|| 0|| 0|| 0|| 0|| 0|| 0|| 0|| 0|| 0|| 0|| 0|| 0|| 0|| 0|| 0|| 0|| 0|| 0|| 0|| 0|| 0|| 0|| 0|| 0|| 0|| 0|| 
381|| 381|| 0|| 0|| 381|| 0|| 0|| 0|| 0|| 0|| 0|| 0|| 0|| 0|| 0|| 0|| 0|| 0|| 0|| 0|| 0|| 0|| 0|| 0|| 0|| 0|| 0|| 0|| 0|| 0|| 0|| 0|| 0|| 0|| 0|| 0|| 0|| 0|| 0|| 0|| 0|| 0|| 0|| 0|| 0|| 0|| 0|| 0|| 0|| 0|| 0|| 0|| 0|| 0|| 0|| 0|| 0|| 0|| 0|| 0|| 0|| 0|| 0|| 0|| 0|| 0|| 0|| 0|| 0|| 0|| 0|| 0|| 0|| 0|| 0|| 0|| 0|| 0|| 0|| 0|| 0|| 0|| 0|| 0|| 0|| 0|| 0|| 0|| 0|| 0|| 0|| 0|| 0|| 0|| 0|| 0|| 0|| 0|| 0|| 0|| 0|| 0|| 0|| 0|| 0|| 0|| 0|| 0|| 0|| 0|| 0|| 0|| 0|| 0|| 0|| 0|| 0|| 0|| 0|| 0|| 0|| 0|| 0|| 0|| 0|| 0|| 0|| 0|| 0|| 0|| 0|| 0|| 0|| 0|| 0|| 0|| 0|| 0|| 0|| 0|| 0|| 0|| 0|| 0|| 0|| 0|| 0|| 0|| 0|| 0|| 0|| 0|| 0|| 0|| 0|| 0|| 0|| 0|| 0|| 0|| 0|| 0|| 0|| 0|| 0|| 0|| 0|| 0|| 0|| 0|| 0|| 0|| 0|| 0|| 0|| 0|| 0|| 0|| 0|| 0|| 0|| 0|| 0|| 0|| 0|| 0|| 0|| 0|| 0|| 0|| 0|| 0|| 0|| 0|| 0|| 0|| 0|| 0|| 0|| 0|| 0|| 0|| 0|| 0|| 0|| 0|| 0|| 0|| 0|| 0|| 0|| 0|| 0|| 0|| 0|| 0|| 0|| 0|| 0|| 0|| 0|| 0|| 0|| 0|| 0|| 0|| 0|| 0|| 0|| 0|| 0|| 0|| 0|| 0|| 0|| 0|| 0|| 0|| 0|| 0|| 0|| 0|| 0|| 0|| 0|| 0|| 0|| 0|| 0|| 0|| 0|| 0|| 0|| 0|| 0|| 0|| 0|| 0|| 0|| 0|| 0|| 0|| 0|| 0|| 0|| 0|| 0|| 0|| 0|| 0|| 0|| 0|| 0|| 0|| 0|| 0|| 0|| 0|| 0|| 0|| 0|| 0|| 0|| 0|| 0|| 0|| 0|| 0|| 0|| 0|| 0|| 0|| 0|| 0|| 0|| 0|| 0|| 0|| 0|| 0|| 0|| 0|| 0|| 0|| 0|| 0|| 0|| 0|| 0|| 0|| 0|| 0|| 0|| 0|| 0|| 0|| 0|| 0|| 0|| 0|| 0|| 0|| 0|| 0|| 0|| 0|| 0|| 0|| 0|| 0|| 0|| 0|| 0|| 0|| 0|| 0|| 0|| 0|| 0|| 0|| 0|| 0|| 0|| 0|| 0|| 0|| 0|| 0|| 0|| 0|| 0|| 0|| 0|| 0|| 0|| 0|| 0|| 0|| 0|| 0|| 0|| 0|| 0|| 0|| 0|| 0|| 0|| 0|| 0|| 0|| 0|| 0|| 0|| 0|| 0|| 0|| 0|| 0|| 0|| 0|| 0|| 0|| 0|| 0|| 0|| 0|| 0|| 0|| 0|| 0|| 0|| 0|| 0|| 0|| 0|| 0|| 0|| 0|| 0|| 0|| 0|| 0|| 0|| 0|| 0|| 0|| 0|| 0|| 0|| 0|| 0|| 0|| 0|| 0|| 0|| 0|| 0|| 0|| 0|| 0|| 0|| 0|| 0|| 0|| 0|| 0|| 0|| 0|| 0|| 0|| 0|| 0|| 0|| 0|| 0|| 0|| 0|| 0|| 0|| 0|| 0|| 0|| 0|| 0|| 0|| 0|| 0|| 0|| 0|| 0|| 0|| 0|| 0|| 0|| 0|| 0|| 0|| 0|| 0|| 0|| 0|| 0|| 0|| 0|| 0|| 0|| 0|| 0|| 0|| 0|| 0|| 0|| 0|| 0|| 0|| 0|| 0|| 0|| 0|| 0|| 0|| 0|| 0|| 0|| 0|| 0|| 0|| 0|| 0|| 0|| 0|| 0|| 0|| 0|| 0|| 0|| 0|| 0|| 0|| 0|| 0|| 0|| 0|| 0|| 0|| 0|| 0|| 0|| 0|| 0|| 0|| 0|| 
301|| 301|| 0|| 0|| 301|| 0|| 0|| 0|| 0|| 0|| 0|| 0|| 0|| 0|| 0|| 0|| 0|| 0|| 0|| 0|| 0|| 0|| 0|| 0|| 0|| 0|| 0|| 0|| 0|| 0|| 0|| 0|| 0|| 0|| 0|| 0|| 0|| 0|| 0|| 0|| 0|| 0|| 0|| 0|| 0|| 0|| 0|| 0|| 0|| 0|| 0|| 0|| 0|| 0|| 0|| 0|| 0|| 0|| 0|| 0|| 0|| 0|| 0|| 0|| 0|| 0|| 0|| 0|| 0|| 0|| 0|| 0|| 0|| 0|| 0|| 0|| 0|| 0|| 0|| 0|| 0|| 0|| 0|| 0|| 0|| 0|| 0|| 0|| 0|| 0|| 0|| 0|| 0|| 0|| 0|| 0|| 0|| 0|| 0|| 0|| 0|| 0|| 0|| 0|| 0|| 0|| 0|| 0|| 0|| 0|| 0|| 0|| 0|| 0|| 0|| 0|| 0|| 0|| 0|| 0|| 0|| 0|| 0|| 0|| 0|| 0|| 0|| 0|| 0|| 0|| 0|| 0|| 0|| 0|| 0|| 0|| 0|| 0|| 0|| 0|| 0|| 0|| 0|| 0|| 0|| 0|| 0|| 0|| 0|| 0|| 0|| 0|| 0|| 0|| 0|| 0|| 0|| 0|| 0|| 0|| 0|| 0|| 0|| 0|| 0|| 0|| 0|| 0|| 0|| 0|| 0|| 0|| 0|| 0|| 0|| 0|| 0|| 0|| 0|| 0|| 0|| 0|| 0|| 0|| 0|| 0|| 0|| 0|| 0|| 0|| 0|| 0|| 0|| 0|| 0|| 0|| 0|| 0|| 0|| 0|| 0|| 0|| 0|| 0|| 0|| 0|| 0|| 0|| 0|| 0|| 0|| 0|| 0|| 0|| 0|| 0|| 0|| 0|| 0|| 0|| 0|| 0|| 0|| 0|| 0|| 0|| 0|| 0|| 0|| 0|| 0|| 0|| 0|| 0|| 0|| 0|| 0|| 0|| 0|| 0|| 0|| 0|| 0|| 0|| 0|| 0|| 0|| 0|| 0|| 0|| 0|| 0|| 0|| 0|| 0|| 0|| 0|| 0|| 0|| 0|| 0|| 0|| 0|| 0|| 0|| 0|| 0|| 0|| 0|| 0|| 0|| 0|| 0|| 0|| 0|| 0|| 0|| 0|| 0|| 0|| 0|| 0|| 0|| 0|| 0|| 0|| 0|| 0|| 0|| 0|| 0|| 0|| 0|| 0|| 0|| 0|| 0|| 0|| 0|| 0|| 0|| 0|| 0|| 0|| 0|| 0|| 0|| 0|| 0|| 0|| 0|| 0|| 0|| 0|| 0|| 0|| 0|| 0|| 0|| 0|| 0|| 0|| 0|| 0|| 0|| 0|| 0|| 0|| 0|| 0|| 0|| 0|| 0|| 0|| 0|| 0|| 0|| 0|| 0|| 0|| 0|| 0|| 0|| 0|| 0|| 0|| 0|| 0|| 0|| 0|| 0|| 0|| 0|| 0|| 0|| 0|| 0|| 0|| 0|| 0|| 0|| 0|| 0|| 0|| 0|| 0|| 0|| 0|| 0|| 0|| 0|| 0|| 0|| 0|| 0|| 0|| 0|| 0|| 0|| 0|| 0|| 0|| 0|| 0|| 0|| 0|| 0|| 0|| 0|| 0|| 0|| 0|| 0|| 0|| 0|| 0|| 0|| 0|| 0|| 0|| 0|| 0|| 0|| 0|| 0|| 0|| 0|| 0|| 0|| 0|| 0|| 0|| 0|| 0|| 0|| 0|| 0|| 0|| 0|| 0|| 0|| 0|| 0|| 0|| 0|| 0|| 0|| 0|| 0|| 0|| 0|| 0|| 0|| 0|| 0|| 0|| 0|| 0|| 0|| 0|| 0|| 0|| 0|| 0|| 0|| 0|| 0|| 0|| 0|| 0|| 0|| 0|| 0|| 0|| 0|| 0|| 0|| 0|| 0|| 0|| 0|| 0|| 0|| 0|| 0|| 0|| 0|| 0|| 0|| 0|| 0|| 0|| 0|| 0|| 0|| 0|| 0|| 0|| 0|| 0|| 0|| 0|| 0|| 0|| 0|| 0|| 0|| 0|| 0|| 0|| 0|| 0|| 0|| 0|| 0|| 0|| 0|| 0|| 0|| 0|| 0|| 0|| 0|| 0|| 0|| 0|| 0|| 0|| 0|| 0|| 0|| 0|| 0|| 0|| 0|| 0|| 0|| 0|| 0|| 0|| 0|| 0|| 0|| 0|| 0|| 0|| 0|| 0|| 0|| 0|| 0|| 0|| 0|| 0|| 0|| 0|| 0|| 0|| 0|| 0|| 0|| 0|| 0|| 0|| 0|| 0|| 0|| 0|| 0|| 0|| 0|| 0|| 0|| 0|| 0|| 0|| 0|| 0|| 0|| 0|| 0|| 0|| 0|| 0|| 0|| 0|| 0|| 0|| 0|| 0|| 0|| 0|| 0|| 0|| 0|| 0|| 0|| 0|| 0|| 0|| 0|| 0|| 0|| 0|| 0|| 0|| 0|| 0|| 0|| 0|| 0|| 0|| 0|| 0|| 0|| 0|| 0|| 0|| 0|| 0|| 0|| 0|| 0|| 0|| 0|| 0|| 0|| 0|| 0|| 0|| 0|| 0|| 0|| 0|| 0|| 0|| 0|| 0|| 0|| 0|| 0|| 0|| 0|| 0|| 0|| 0|| 0|| 0|| 0|| 0|| 0|| 0|| 0|| 0|| 0|| 0|| 0|| 0|| 0|| 0|| 0|| 0|| 0|| 0|| 0|| 0|| 0|| 0|| 0|| 0|| 0|| 0|| 0|| 0|| 0|| 0|| 0|| 0|| 0|| 0|| 0|| 0|| 0|| 0|| 0|| 0|| 0|| 0|| 0|| 0|| 0|| 0|| 0|| 0|| 0|| 0|| 0|| 0|| 0|| 0|| 0|| 0|| 0|| 0|| 0|| 0|| 0|| 0|| 0|| 0|| 0|| 0|| 0|| 0|| 0|| 0|| 0|| 0|| 0|| 0|| 0|| 0|| 0|| 0|| 0|| 0|| 0|| 0|| 0|| 0|| 0|| 0|| 0|| 0|| 0|| 0|| 0|| 0|| 0|| 0|| 0|| 0|| 0|| 0|| 0|| 0|| 0|| 0|| 0|| 0|| 0|| 0|| 0|| 0|| 0|| 0|| 0|| 0|| 0|| 0|| 0|| 0|| 0|| 0|| 0|| 0|| 0|| 0|| 0|| 0|| 0|| 0|| 0|| 0|| 0|| 0|| 0|| 0|| 0|| 0|| 0|| 0|| 0|| 0|| 0|| 0|| 0|| 0|| 0|| 0|| 0|| 0|| 0|| 0|| 0|| 0|| 0|| 0|| 0|| 0|| 0|| 0|| 0|| 0|| 0|| 0|| 0|| 0|| 0|| 0|| 0|| 0|| 0|| 0|| 0|| 0|| 0|| 0|| 0|| 0|| 0|| 0|| 0|| 0|| 0|| 0|| 0|| 0|| 0|| 0|| 0|| 0|| 0|| 0|| 0|| 0|| 0|| 0|| 0|| 0|| 0|| 0|| 0|| 0|| 0|| 0|| 0|| 0|| 0|| 0|| 0|| 0|| 0|| 0|| 0|| 0|| 0|| 0|| 0|| 0|| 0|| 0|| 0|| 0|| 0|| 0|| 0|| 0|| 0|| 0|| 0|| 0|| 0|| 0|| 0|| 0|| 0|| 0|| 0|| 0|| 0|| 0|| 0|| 0|| 0|| 0|| 0|| 0|| 0|| 0|| 0|| 0|| 0|| 0|| 0|| 0|| 0|| 0|| 0|| 0|| 0|| 0|| 0|| 0|| 0|| 0|| 0|| 0|| 0|| 0|| 0|| 0|| 0|| 0|| 0|| 0|| 0|| 0|| 0|| 0|| 0|| 0|| 0|| 0|| 0|| 0|| 0|| 0|| 0|| 0|| 0|| 0|| 0|| 0|| 0|| 0|| 0|| 0|| 0|| 0|| 0|| 0|| 0|| 0|| 0|| 0|| 0|| 0|| 0|| 0|| 0|| 0|| 0|| 0|| 0|| 0|| 0|| 0|| 0|| 0|| 0|| 0|| 0|| 0|| 0|| 0|| 0|| 0|| 0|| 0|| 0|| 0|| 0|| 0|| 0|| 0|| 0|| 0|| 0|| 0|| 0|| 0|| 0|| 0|| 0|| 0|| 0|| 0|| 0|| 0|| 0|| 0|| 0|| 0|| 0|| 0|| 0|| 0|| 0|| 0|| 0|| 0|| 0|| 0|| 0|| 0|| 0|| 0|| 0|| 0|| 0|| 0|| 0|| 0|| 0|| 0|| 0|| 0|| 0|| 0|| 0|| 0|| 0|| 0|| 0|| 0|| 0|| 0|| 0|| 0|| 0|| 0|| 0|| 0|| 0|| 0|| 0|| 0|| 0|| 0|| 0|| 0|| 0|| 0|| 
201|| 201|| 0|| 0|| 201|| 0|| 0|| 0|| 0|| 0|| 0|| 0|| 0|| 0|| 0|| 0|| 0|| 0|| 0|| 0|| 0|| 0|| 0|| 0|| 0|| 0|| 0|| 0|| 0|| 0|| 0|| 0|| 0|| 0|| 0|| 0|| 0|| 0|| 0|| 0|| 0|| 0|| 0|| 0|| 0|| 0|| 0|| 0|| 0|| 0|| 0|| 0|| 0|| 0|| 0|| 0|| 0|| 0|| 0|| 0|| 0|| 0|| 0|| 0|| 0|| 0|| 0|| 0|| 0|| 0|| 0|| 0|| 0|| 0|| 0|| 0|| 0|| 0|| 0|| 0|| 0|| 0|| 0|| 0|| 0|| 0|| 0|| 0|| 0|| 0|| 0|| 0|| 0|| 0|| 0|| 0|| 0|| 0|| 0|| 0|| 0|| 0|| 0|| 0|| 0|| 0|| 0|| 0|| 0|| 0|| 0|| 0|| 0|| 0|| 0|| 0|| 0|| 0|| 0|| 0|| 0|| 0|| 0|| 0|| 0|| 0|| 0|| 0|| 0|| 0|| 0|| 0|| 0|| 0|| 0|| 0|| 0|| 0|| 0|| 0|| 0|| 0|| 0|| 0|| 0|| 0|| 0|| 0|| 0|| 0|| 0|| 0|| 0|| 0|| 0|| 0|| 0|| 0|| 0|| 0|| 0|| 0|| 0|| 0|| 0|| 0|| 0|| 0|| 0|| 0|| 0|| 0|| 0|| 0|| 0|| 0|| 0|| 0|| 0|| 0|| 0|| 0|| 0|| 0|| 0|| 0|| 0|| 0|| 0|| 0|| 0|| 0|| 0|| 0|| 0|| 0|| 0|| 0|| 0|| 0|| 0|| 0|| 0|| 0|| 0|| 0|| 0|| 0|| 0|| 0|| 0|| 0|| 0|| 0|| 0|| 0|| 0|| 0|| 0|| 0|| 0|| 0|| 0|| 0|| 0|| 0|| 0|| 0|| 0|| 0|| 0|| 0|| 0|| 0|| 0|| 0|| 0|| 0|| 0|| 0|| 0|| 0|| 0|| 0|| 0|| 0|| 0|| 0|| 0|| 0|| 0|| 0|| 0|| 0|| 0|| 0|| 0|| 0|| 0|| 0|| 0|| 0|| 0|| 0|| 0|| 0|| 0|| 0|| 0|| 0|| 0|| 0|| 0|| 0|| 0|| 0|| 0|| 0|| 0|| 0|| 0|| 0|| 0|| 0|| 0|| 0|| 0|| 0|| 0|| 0|| 0|| 0|| 0|| 0|| 0|| 0|| 0|| 0|| 0|| 0|| 0|| 0|| 0|| 0|| 0|| 0|| 0|| 0|| 0|| 0|| 0|| 0|| 0|| 0|| 0|| 0|| 0|| 0|| 0|| 0|| 0|| 0|| 0|| 0|| 0|| 0|| 0|| 0|| 0|| 0|| 0|| 0|| 0|| 0|| 0|| 0|| 0|| 0|| 0|| 0|| 0|| 0|| 0|| 0|| 0|| 0|| 0|| 0|| 0|| 0|| 0|| 0|| 0|| 0|| 0|| 0|| 0|| 0|| 0|| 0|| 0|| 0|| 0|| 0|| 0|| 0|| 0|| 0|| 0|| 0|| 0|| 0|| 0|| 0|| 0|| 0|| 0|| 0|| 0|| 0|| 0|| 0|| 0|| 0|| 0|| 0|| 0|| 0|| 0|| 0|| 0|| 0|| 0|| 0|| 0|| 0|| 0|| 0|| 0|| 0|| 0|| 0|| 0|| 0|| 0|| 0|| 0|| 0|| 0|| 0|| 0|| 0|| 0|| 0|| 0|| 0|| 0|| 0|| 0|| 0|| 0|| 0|| 0|| 0|| 0|| 0|| 0|| 0|| 0|| 0|| 0|| 0|| 0|| 0|| 0|| 0|| 0|| 0|| 0|| 0|| 0|| 0|| 0|| 0|| 0|| 0|| 0|| 0|| 0|| 0|| 0|| 0|| 0|| 0|| 0|| 0|| 0|| 0|| 0|| 0|| 0|| 0|| 0|| 0|| 0|| 0|| 0|| 0|| 0|| 0|| 0|| 0|| 0|| 0|| 0|| 0|| 0|| 0|| 0|| 0|| 0|| 0|| 0|| 0|| 0|| 0|| 0|| 0|| 0|| 0|| 0|| 0|| 0|| 0|| 0|| 0|| 0|| 0|| 0|| 0|| 0|| 0|| 0|| 0|| 0|| 0|| 0|| 0|| 0|| 0|| 0|| 0|| 0|| 0|| 0|| 0|| 0|| 0|| 0|| 0|| 0|| 0|| 0|| 0|| 0|| 0|| 0|| 0|| 0|| 0|| 0|| 0|| 0|| 0|| 0|| 0|| 0|| 0|| 0|| 0|| 0|| 0|| 0|| 0|| 0|| 0|| 0|| 0|| 0|| 0|| 0|| 0|| 0|| 0|| 0|| 0|| 0|| 0|| 0|| 0|| 0|| 0|| 0|| 0|| 0|| 0|| 0|| 0|| 0|| 0|| 0|| 0|| 0|| 0|| 0|| 0|| 0|| 0|| 0|| 0|| 0|| 0|| 0|| 0|| 0|| 0|| 0|| 0|| 0|| 0|| 0|| 0|| 0|| 0|| 0|| 0|| 0|| 0|| 0|| 0|| 0|| 0|| 0|| 0|| 0|| 0|| 0|| 0|| 0|| 0|| 0|| 0|| 0|| 0|| 0|| 0|| 0|| 0|| 0|| 0|| 0|| 0|| 0|| 0|| 0|| 0|| 0|| 0|| 0|| 0|| 0|| 0|| 0|| 0|| 0|| 0|| 0|| 0|| 0|| 0|| 0|| 0|| 0|| 0|| 0|| 0|| 0|| 0|| 0|| 0|| 0|| 0|| 0|| 0|| 0|| 0|| 0|| 0|| 0|| 0|| 0|| 0|| 0|| 0|| 0|| 0|| 0|| 0|| 0|| 0|| 0|| 0|| 0|| 0|| 0|| 0|| 0|| 0|| 0|| 0|| 0|| 0|| 0|| 0|| 0|| 0|| 0|| 0|| 0|| 0|| 0|| 0|| 0|| 0|| 0|| 0|| 0|| 0|| 0|| 0|| 0|| 0|| 0|| 0|| 0|| 0|| 0|| 0|| 0|| 0|| 0|| 0|| 0|| 0|| 0|| 0|| 0|| 0|| 0|| 0|| 0|| 0|| 0|| 0|| 0|| 0|| 0|| 0|| 0|| 0|| 0|| 0|| 0|| 0|| 0|| 0|| 0|| 0|| 0|| 0|| 0|| 0|| 0|| 0|| 0|| 0|| 0|| 0|| 0|| 0|| 0|| 0|| 0|| 0|| 0|| 0|| 0|| 0|| 0|| 0|| 0|| 0|| 0|| 0|| 0|| 0|| 0|| 0|| 0|| 0|| 0|| 0|| 0|| 0|| 0|| 0|| 0|| 0|| 0|| 0|| 0|| 0|| 0|| 0|| 0|| 0|| 0|| 0|| 0|| 0|| 0|| 0|| 0|| 0|| 0|| 0|| 0|| 0|| 0|| 0|| 0|| 0|| 0|| 0|| 0|| 0|| 0|| 0|| 0|| 0|| 0|| 0|| 0|| 0|| 0|| 0|| 0|| 0|| 0|| 0|| 0|| 0|| 0|| 0|| 0|| 0|| 0|| 0|| 0|| 0|| 0|| 0|| 0|| 0|| 0|| 0|| 0|| 0|| 0|| 0|| 0|| 0|| 0|| 0|| 0|| 0|| 0|| 0|| 0|| 0|| 0|| 0|| 0|| 0|| 0|| 0|| 0|| 0|| 0|| 0|| 0|| 0|| 0|| 0|| 0|| 0|| 0|| 0|| 0|| 0|| 0|| 0|| 0|| 0|| 0|| 0|| 0|| 0|| 0|| 0|| 0|| 0|| 0|| 0|| 0|| 0|| 0|| 0|| 0|| 0|| 0|| 0|| 0|| 0|| 0|| 0|| 0|| 0|| 0|| 0|| 0|| 0|| 0|| 0|| 0|| 0|| 0|| 0|| 0|| 0|| 0|| 0|| 0|| 0|| 0|| 0|| 0|| 0|| 0|| 0|| 0|| 0|| 0|| 0|| 0|| 0|| 0|| 0|| 0|| 0|| 0|| 0|| 0|| 0|| 0|| 0|| 0|| 0|| 0|| 0|| 0|| 0|| 0|| 0|| 0|| 0|| 0|| 0|| 0|| 0|| 0|| 0|| 0|| 0|| 0|| 0|| 0|| 0|| 0|| 0|| 0|| 0|| 0|| 0|| 0|| 0|| 0|| 0|| 0|| 0|| 0|| 0|| 0|| 0|| 0|| 0|| 0|| 0|| 0|| 0|| 0|| 0|| 0|| 0|| 0|| 0|| 0|| 0|| 0|| 0|| 0|| 0|| 0|| 0|| 0|| 0|| 0|| 0|| 0|| 0|| 0|| 0|| 0|| 0|| 0|| 0|| 0|| 0|| 0|| 0|| 0|| 0|| 0|| 0|| 0|| 0|| 0|| 0|| 0|| 0|| 0|| 0|| 0|| 0|| 0|| 0|| 0|| 0|| 0|| 0|| 0|| 0|| 0|| 0|| 0|| 0|| 0|| 0|| 0|| 0|| 0|| 0|| 0|| 0|| 0|| 0|| 0|| 0|| 0|| 0|| 0|| 0|| 0|| 0|| 0|| 0|| 0|| 0|| 0|| 0|| 0|| 0|| 0|| 0|| 0|| 0|| 0|| 0|| 0|| 0|| 0|| 0|| 0|| 0|| 0|| 0|| 0|| 0|| 0|| 0|| 0|| 0|| 0|| 0|| 0|| 0|| 0|| 0|| 0|| 0|| 0|| 0|| 0|| 0|| 0|| 0|| 0|| 0|| 0|| 0|| 0|| 0|| 0|| 0|| 0|| 0|| 0|| 0|| 0|| 0|| 0|| 0|| 0|| 0|| 0|| 0|| 0|| 0|| 0|| 0|| 0|| 0|| 0|| 0|| 0|| 0|| 0|| 0|| 0|| 0|| 0|| 0|| 0|| 0|| 0|| 0|| 0|| 0|| 0|| 0|| 0|| 0|| 0|| 0|| 0|| 0|| 0|| 0|| 0|| 0|| 0|| 0|| 0|| 0|| 0|| 0|| 0|| 0|| 0|| 0|| 0|| 0|| 0|| 0|| 0|| 0|| 0|| 0|| 0|| 0|| 0|| 0|| 0|| 0|| 0|| 0|| 0|| 0|| 0|| 0|| 0|| 0|| 0|| 0|| 0|| 0|| 0|| 0|| 0|| 0|| 0|| 0|| 0|| 0|| 0|| 0|| 0|| 0|| 0|| 0|| 0|| 0|| 0|| 0|| 0|| 0|| 0|| 0|| 0|| 0|| 0|| 0|| 0|| 0|| 0|| 0|| 0|| 0|| 0|| 0|| 0|| 0|| 0|| 0|| 0|| 0|| 0|| 0|| 0|| 0|| 0|| 0|| 0|| 0|| 0|| 0|| 0|| 0|| 0|| 0|| 0|| 0|| 0|| 0|| 0|| 0|| 0|| 0|| 0|| 0|| 0|| 0|| 0|| 0|| 0|| 0|| 0|| 0|| 0|| 0|| 0|| 0|| 0|| 0|| 0|| 0|| 0|| 0|| 0|| 0|| 0|| 0|| 0|| 0|| 0|| 0|| 0|| 0|| 0|| 0|| 0|| 0|| 0|| 0|| 0|| 0|| 0|| 0|| 0|| 0|| 0|| 0|| 0|| 0|| 0|| 0|| 0|| 0|| 0|| 0|| 0|| 0|| 0|| 0|| 0|| 0|| 0|| 0|| 0|| 0|| 0|| 0|| 0|| 0|| 0|| 0|| 0|| 0|| 0|| 0|| 0|| 0|| 0|| 0|| 0|| 0|| 0|| 0|| 0|| 0|| 0|| 0|| 0|| 0|| 0|| 0|| 0|| 0|| 0|| 0|| 0|| 0|| 0|| 0|| 0|| 0|| 0|| 0|| 0|| 0|| 0|| 0|| 0|| 0|| 0|| 0|| 0|| 0|| 0|| 0|| 0|| 0|| 0|| 0|| 0|| 0|| 0|| 0|| 0|| 0|| 0|| 0|| 0|| 0|| 0|| 0|| 0|| 0|| 0|| 0|| 0|| 0|| 0|| 0|| 0|| 0|| 0|| 0|| 0|| 0|| 0|| 0|| 0|| 0|| 0|| 0|| 0|| 0|| 0|| 0|| 0|| 0|| 0|| 0|| 0|| 0|| 0|| 0|| 0|| 0|| 0|| 0|| 0|| 0|| 0|| 0|| 0|| 0|| 0|| 0|| 0|| 0|| 0|| 0|| 0|| 0|| 0|| 0|| 0|| 0|| 0|| 0|| 0|| 0|| 0|| 0|| 0|| 0|| 0|| 0|| 0|| 0|| 0|| 0|| 0|| 0|| 0|| 0|| 0|| 0|| 0|| 0|| 0|| 0|| 0|| 0|| 0|| 0|| 0|| 0|| 0|| 0|| 0|| 0|| 0|| 0|| 0|| 0|| 0|| 0|| 0|| 0|| 0|| 0|| 0|| 0|| 0|| 0|| 0|| 0|| 0|| 0|| 0|| 0|| 0|| 0|| 0|| 0|| 0|| 0|| 0|| 0|| 0|| 0|| 0|| 0|| 0|| 0|| 0|| 0|| 0|| 0|| 0|| 0|| 0|| 0|| 0|| 0|| 0|| 0|| 0|| 0|| 0|| 0|| 0|| 0|| 0|| 0|| 0|| 0|| 0|| 0|| 0|| 0|| 0|| 0|| 0|| 0|| 0|| 0|| 0|| 0|| 0|| 0|| 0|| 0|| 0|| 0|| 0|| 0|| 0|| 0|| 0|| 0|| 0|| 0|| 0|| 0|| 0|| 0|| 0|| 0|| 0|| 0|| 0|| 0|| 0|| 0|| 0|| 0|| 0|| 0|| 0|| 0|| 0|| 0|| 0|| 0|| 0|| 0|| 0|| 0|| 0|| 0|| 0|| 0|| 0|| 0|| 0|| 0|| 0|| 0|| 0|| 0|| 0|| 0|| 0|| 0|| 0|| 0|| 0|| 0|| 0|| 0|| 0|| 0|| 0|| 0|| 0|| 0|| 0|| 0|| 0|| 0|| 0|| 0|| 0|| 0|| 0|| 0|| 0|| 0|| 0|| 0|| 0|| 0|| 0|| 0|| 0|| 0|| 0|| 0|| 0|| 0|| 0|| 0|| 0|| 0|| 0|| 0|| 0|| 0|| 0|| 0|| 0|| 0|| 0|| 0|| 0|| 0|| 0|| 0|| 0|| 0|| 0|| 0|| 0|| 0|| 0|| 0|| 0|| 0|| 0|| 0|| 0|| 0|| 0|| 0|| 0|| 0|| 0|| 0|| 0|| 0|| 0|| 0|| 0|| 0|| 0|| 0|| 0|| 0|| 0|| 0|| 0|| 0|| 0|| 0|| 0|| 0|| 0|| 0|| 0|| 0|| 0|| 0|| 0|| 0|| 0|| 0|| 0|| 0|| 0|| 0|| 0|| 0|| 0|| 0|| 0|| 0|| 0|| 0|| 0|| 0|| 0|| 0|| 0|| 0|| 0|| 0|| 0|| 0|| 0|| 0|| 0|| 0|| 0|| 0|| 0|| 0|| 0|| 0|| 0|| 0|| 0|| 0|| 0|| 0|| 0|| 0|| 0|| 0|| 0|| 0|| 0|| 0|| 0|| 0|| 0|| 0|| 0|| 0|| 0|| 0|| 0|| 0|| 0|| 0|| 0|| 0|| 0|| 0|| 0|| 0|| 0|| 0|| 0|| 0|| 0|| 0|| 0|| 0|| 0|| 0|| 0|| 0|| 0|| 0|| 0|| 0|| 0|| 0|| 0|| 0|| 0|| 0|| 0|| 0|| 0|| 0|| 0|| 0|| 0|| 0|| 0|| 0|| 0|| 0|| 0|| 0|| 0|| 0|| 0|| 0|| 0|| 0|| 0|| 0|| 0|| 0|| 0|| 0|| 0|| 0|| 0|| 0|| 0|| 0|| 0|| 0|| 0|| 0|| 0|| 0|| 0|| 0|| 0|| 0|| 0|| 0|| 0|| 0|| 0|| 0|| 0|| 0|| 0|| 0|| 0|| 0|| 0|| 0|| 0|| 0|| 0|| 0|| 0|| 0|| 0|| 0|| 0|| 0|| 0|| 0|| 0|| 0|| 0|| 0|| 0|| 0|| 0|| 0|| 0|| 0|| 0|| 0|| 0|| 0|| 0|| 0|| 0|| 0|| 0|| 0|| 0|| 0|| 0|| 0|| 0|| 0|| 0|| 0|| 0|| 0|| 0|| 0|| 0|| 0|| 0|| 0|| 0|| 0|| 0|| 0|| 0|| 0|| 0|| 0|| 0|| 0|| 0|| 0|| 0|| 0|| 0|| 0|| 0|| 0|| 0|| 0|| 0|| 0|| 0|| 0|| 0|| 0|| 0|| 0|| 0|| 0|| 0|| 0|| 0|| 0|| 0|| 0|| 0|| 0|| 0|| 0|| 0|| 0|| 0|| 0|| 0|| 0|| 0|| 0|| 0|| 0|| 0|| 0|| 0|| 0|| 0|| 0|| 0|| 0|| 0|| 0|| 0|| 0|| 0|| 0|| 0|| 0|| 0|| 0|| 0|| 0|| 0|| 0|| 0|| 0|| 0|| 0|| 0|| 0|| 0|| 0|| 0|| 0|| 0|| 0|| 0|| 0|| 0|| 0|| 0|| 0|| 0|| 0|| 0|| 0|| 0|| 0|| 0|| 0|| 0|| 0|| 0|| 0|| 0|| 0|| 0|| 0|| 0|| 0|| 0|| 0|| 0|| 0|| 0|| 0|| 0|| 0|| 0|| 0|| 0|| 0|| 0|| 0|| 0|| 0|| 0|| 0|| 0|| 0|| 0|| 0|| 0|| 0|| 0|| 0|| 0|| 0|| 0|| 0|| 0|| 0|| 0|| 0|| 0|| 0|| 0|| 0|| 0|| 0|| 0|| 0|| 0|| 0|| 0|| 0|| 0|| 0|| 0|| 0|| 0|| 0|| 0|| 0|| 0|| 0|| 0|| 0|| 0|| 0|| 
1 || 1 || 0 || 0 || 1 || 0 || 0 || 0 || 0 || 0 || 0 || 0 || 0 || 0 || 0 || 0 || 0 || 0 || 0 || 0 || 0 || 0 || 0 || 0 || 0 || 0 || 0 || 0 || 0 || 0 || 0 || 0 || 0 || 0 || 0 || 0 || 0 || 0 || 0 || 0 || 0 || 0 || 0 || 0 || 0 || 0 || 0 || 0 || 0 || 0 || 0 || 0 || 0 || 0 || 0 || 0 || 0 || 0 || 0 || 0 || 0 || 0 || 0 || 0 || 0 || 0 || 0 || 0 || 0 || 0 || 0 || 0 || 0 || 0 || 0 || 0 || 0 || 0 || 0 || 0 || 0 || 0 || 0 || 0 || 0 || 0 || 0 || 0 || 0 || 0 || 0 || 0 || 0 || 0 || 0 || 0 || 0 || 0 || 0 || 0 || 0 || 0 || 0 || 0 || 0 || 0 || 0 || 0 || 0 || 0 || 0 || 0 || 0 || 0 || 0 || 0 || 0 || 0 || 0 || 0 || 0 || 0 || 0 || 0 || 0 || 0 || 0 || 0 || 0 || 0 || 0 || 0 || 0 || 0 || 0 || 0 || 0 || 0 || 0 || 0 || 0 || 0 || 0 || 0 || 0 || 0 || 0 || 0 || 0 || 0 || 0 || 0 || 0 || 0 || 0 || 0 || 0 || 0 || 0 || 0 || 0 || 0 || 0 || 0 || 0 || 0 || 0 || 0 || 0 || 0 || 0 || 0 || 0 || 0 || 0 || 0 || 0 || 0 || 0 || 0 || 0 || 0 || 0 || 0 || 0 || 0 || 0 || 0 || 0 || 0 || 0 || 0 || 0 || 0 || 0 || 0 || 0 || 0 || 0 || 0 || 0 || 0 || 0 || 0 || 0 || 0 || 0 || 0 || 0 || 0 || 0 || 0 || 0 || 0 || 0 || 0 || 0 || 0 || 0 || 0 || 0 || 0 || 0 || 0 || 0 || 0 || 0 || 0 || 0 || 0 || 0 || 0 || 0 || 0 || 0 || 0 || 0 || 0 || 0 || 0 || 0 || 0 || 0 || 0 || 0 || 0 || 0 || 0 || 0 || 0 || 0 || 0 || 0 || 0 || 0 || 0 || 0 || 0 || 0 || 0 || 0 || 0 || 0 || 0 || 0 || 0 || 0 || 0 || 0 || 0 || 0 || 0 || 0 || 0 || 0 || 0 || 0 || 0 || 0 || 0 || 0 || 0 || 0 || 0 || 0 || 0 || 0 || 0 || 0 || 0 || 0 || 0 || 0 || 0 || 0 || 0 || 0 || 0 || 0 || 0 || 0 || 0 || 0 || 0 || 0 || 0 || 0 || 0 || 0 || 0 || 0 || 0 || 0 || 0 || 0 || 0 || 0 || 0 || 0 || 0 || 0 || 0 || 0 || 0 || 0 || 0 || 0 || 0 || 0 || 0 || 0 || 0 || 0 || 0 || 0 || 0 || 0 || 0 || 0 || 0 || 0 || 0 || 0 || 0 || 0 || 0 || 0 || 0 || 0 || 0 || 0 || 0 || 0 || 0 || 0 || 0 || 0 || 0 || 0 || 0 || 0 || 0 || 0 || 0 || 0 || 0 || 0 || 0 || 0 || 0 || 0 || 0 || 0 || 0 || 0 || 0 || 0 || 0 || 0 || 0 || 0 || 0 || 0 || 0 || 0 || 0 || 0 || 0 || 0 || 0 || 0 || 0 || 0 || 0 || 0 || 0 || 0 || 0 || 0 || 0 || 0 || 0 || 0 || 0 || 0 || 0 || 0 || 0 || 0 || 0 || 0 || 0 || 0 || 0 || 0 || 0 || 0 || 0 || 0 || 0 || 0 || 0 || 0 || 0 || 0 || 0 || 0 || 0 || 0 || 0 || 0 || 0 || 0 || 0 || 0 || 0 || 0 || 0 || 0 || 0 || 0 || 0 || 0 || 0 || 0 || 0 || 0 || 0 || 0 || 0 || 0 || 0 || 0 || 0 || 0 || 0 || 0 || 0 || 0 || 0 || 0 || 0 || 0 || 0 || 0 || 0 || 0 || 0 || 0 || 0 || 0 || 0 || 0 || 0 || 0 || 0 || 0 || 0 || 0 || 0 || 0 || 0 || 0 || 0 || 0 || 0 || 0 || 0 || 0 || 0 || 0 || 0 || 0 || 0 || 0 || 0 || 0 || 0 || 0 || 0 || 0 || 0 || 0 || 0 || 0 || 0 || 0 || 0 || 0 || 0 || 0 || 0 || 0 || 0 || 0 || 0 || 0 || 0 || 0 || 0 || 0 || 0 || 0 || 0 || 0 || 0 || 0 || 0 || 0 || 0 || 0 || 0 || 0 || 0 || 0 || 0 || 0 || 0 || 0 || 0 || 0 || 0 || 0 || 0 || 0 || 0 || 0 || 0 || 0 || 0 || 0 || 0 || 0 || 0 || 0 || 0 || 0 || 0 || 0 || 0 || 0 || 0 || 0 || 0 || 0 || 0 || 0 || 0 || 0 || 0 || 0 || 0 || 0 || 0 || 0 || 0 || 0 || 0 || 0 || 0 || 0 || 0 || 0 || 0 || 0 || 0 || 0 || 0 || 0 || 0 || 0 || 0 || 0 || 0 || 0 || 0 || 0 || 0 || 0 || 0 || 0 || 0 || 0 || 0 || 0 || 0 || 0 || 0 || 0 || 0 || 0 || 0 || 0 || 0 || 0 || 0 || 0 || 0 || 0 || 0 || 0 || 0 || 0 || 0 || 0 || 0 || 0 || 0 || 0 || 0 || 0 || 0 || 0 || 0 || 0 || 0 || 0 || 0 || 0 || 0 || 0 || 0 || 0 || 0 || 0 || 0 || 0 || 0 || 0 || 0 || 0 || 0 || 0 || 0 || 0 || 0 || 0 || 0 || 0 || 0 || 0 || 0 || 0 || 0 || 0 || 0 || 0 || 0 || 0 || 0 || 0 || 0 || 0 || 0 || 0 || 0 || 0 || 0 || 0 || 0 || 0 || 0 || 0 || 0 || 0 || 0 || 0 || 0 || 0 || 0 || 0 || 0 || 0 || 0 || 0 || 0 || 0 || 0 || 0 || 0 || 0 || 0 || 0 || 0 || 0 || 0 || 0 || 0 || 0 || 0 || 0 || 0 || 0 || 0 || 0 || 0 || 0 || 0 || 0 || 0 || 0 || 0 || 0 || 0 || 0 || 0 || 0 || 0 || 0 || 0 || 0 || 0 || 0 || 0 || 0 || 0 || 0 || 0 || 0 || 0 || 0 || 0 || 0 || 0 || 0 || 0 || 0 || 0 || 0 || 0 || 0 || 0 || 0 || 0 || 0 || 0 || 0 || 0 || 0 || 0 || 0 || 0 || 0 || 0 || 0 || 0 || 0 || 0 || 0 || 0 || 0 || 0 || 0 || 0 || 0 || 0 || 0 || 0 || 0 || 0 || 0 || 0 || 0 || 0 || 0 || 0 || 0 || 0 || 0 || 0 || 0 || 0 || 0 || 0 || 0 || 0 || 0 || 0 || 0 || 0 || 0 || 0 || 0 || 0 || 0 || 0 || 0 || 0 || 0 || 0 || 0 || 0 || 0 || 0 || 0 || 0 || 0 || 0 || 0 || 0 || 0 || 0 || 0 || 0 || 0 || 0 || 0 || 0 || 0 || 0 || 0 || 0 || 0 || 0 || 0 || 0 || 0 || 0 || 0 || 0 || 0 || 0 || 0 || 0 || 0 || 0 || 0 || 0 || 0 || 0 || 0 || 0 || 0 || 0 || 0 || 0 || 0 || 0 || 0 || 0 || 0 || 0 || 0 || 0 || 0 || 0 || 0 || 0 || 0 || 0 || 0 || 0 || 0 || 0 || 0 || 0 || 0 || 0 || 0 || 0 || 0 || 0 || 0 || 0 || 0 || 0 || 0 || 0 || 0 || 0 || 0 || 0 || 0 || 0 || 0 || 0 || 0 || 0 || 0 || 0 || 0 || 0 || 0 || 0 || 0 || 0 || 0 || 0 || 0 || 0 || 0 || 0 || 0 || 0 || 0 || 0 || 0 || 0 || 0 || 0 || 0 || 0 || 0 || 0 || 0 || 0 || 0 || 0 || 0 || 0 || 0 || 0 || 0 || 0 || 0 || 0 || 0 || 0 || 0 || 0 || 0 || 0 || 0 || 0 || 0 || 0 || 0 || 0 || 0 || 0 || 0 || 0 || 0 || 0 || 0 || 0 || 0 || 0 || 0 || 0 || 0 || 0 || 0 || 0 || 0 || 0 || 0 || 0 || 0 || 0 || 0 || 0 || 0 || 0 || 0 || 0 || 0 || 0 || 0 || 0 || 0 || 0 || 0 || 0 || 0 || 0 || 0 || 0 || 0 || 0 || 0 || 0 || 0 || 0 || 0 || 0 || 0 || 0 || 0 || 0 || 0 || 0 || 0 || 0 || 0 || 0 || 0 || 0 || 0 || 0 || 0 || 0 || 0 || 0 || 0 || 0 || 0 || 0 || 0 || 0 || 0 || 0 || 0 || 0 || 0 || 0 || 0 || 0 || 0 || 0 || 0 || 0 || 0 || 0 || 0 || 0 || 0 || 0 || 0 || 0 || 0 || 0 || 0 || 0 || 0 || 0 || 0 || 0 || 0 || 0 || 0 || 0 || 0 || 0 || 0 || 0 || 0 || 0 || 0 || 0 || 0 || 0 || 0 || 0 || 0 || 0 || 0 || 0 || 0 || 0 || 0 || 0 || 0 || 0 || 0 || 0 || 0 || 0 || 0 || 0 || 0 || 0 || 0 || 0 || 0 || 0 || 0 || 0 || 0 || 0 || 0 || 0 || 0 || 0 || 0 || 0 || 0 || 0 || 0 || 0 || 0 || 0 || 0 || 0 || 0 || 0 || 0 || 0 || 0 || 0 || 0 || 0 || 0 || 0 || 0 || 0 || 0 || 0 || 0 || 0 || 0 || 0 || 0 || 0 || 0 || 0 || 0 || 0 || 0 || 0 || 0 || 0 || 0 || 0 || 0 || 0 || 0 || 0 || 0 || 0 || 0 || 0 || 0 || 0 || 0 || 0 || 0 || 0 || 0 || 0 || 0 || 0 || 0 || 0 || 0 || 0 || 0 || 0 || 0 || 0 || 0 || 0 || 0 || 0 || 0 || 0 || 0 || 0 || 0 || 0 || 0 || 0 || 0 || 0 || 0 || 0 || 0 || 0 || 0 || 0 || 0 || 0 || 0 || 0 || 0 || 0 || 0 || 0 || 0 || 0 || 0 || 0 || 0 || 0 || 0 || 0 || 0 || 0 || 0 || 0 || 0 || 0 || 0 || 0 || 0 || 0 || 0 || 0 || 0 || 0 || 0 || 0 || 0 || 0 || 0 || 0 || 0 || 0 || 0 || 0 || 0 || 0 || 0 || 0 || 0 || 0 || 0 || 0 || 0 || 0 || 0 || 0 || 0 || 0 || 0 || 0 || 0 || 0 || 0 || 0 || 0 || 0 || 0 || 0 || 0 || 0 || 0 || 0 || 0 || 0 || 0 || 0 || 0 || 0 || 0 || 0 || 0 || 0 || 0 || 0 || 0 || 0 || 0 || 0 || 0 || 0 || 0 || 0 || 0 || 0 || 0 || 0 || 0 || 0 || 0 || 0 || 0 || 0 || 0 || 0 || 0 || 0 || 0 || 0 || 0 || 0 || 0 || 0 || 0 || 0 || 0 || 0 || 0 || 0 || 0 || 0 || 0 || 0 || 0 || 0 || 0 || 0 || 0 || 0 || 0 || 0 || 0 || 0 || 0 || 0 || 0 || 0 || 0 || 0 || 0 || 0 || 0 || 0 || 0 || 0 || 0 || 0 || 0 || 0 || 0 || 0 || 0 || 0 || 0 || 0 || 0 || 0 || 0 || 0 || 0 || 0 || 0 || 0 || 0 || 0 || 0 || 0 || 0 || 0 || 0 || 0 || 0 || 0 || 0 || 0 || 0 || 0 || 0 || 0 || 0 || 0 || 0 || 0 || 0 || 0 || 0 || 0 || 0 || 0 || 0 || 0 || 0 || 0 || 0 || 0 || 0 || 0 || 0 || 0 || 0 || 0 || 0 || 0 || 0 || 0 || 0 || 0 || 0 || 0 || 0 || 0 || 0 || 0 || 0 || 0 || 0 || 0 || 0 || 0 || 0 || 0 || 0 || 0 || 0 || 0 || 0 || 0 || 0 || 0 || 0 || 0 || 0 || 0 || 0 || 0 || 0 || 0 || 0 || 0 || 0 || 0 || 0 || 0 || 0 || 0 || 0 || 0 || 0 || 0 || 0 || 0 || 0 || 0 || 0 || 0 || 0 || 0 || 0 || 0 || 0 || 0 || 0 || 0 || 0 || 0 || 0 || 0 || 0 || 0 || 0 || 0 || 0 || 0 || 0 || 0 || 0 || 0 || 0 || 0 || 0 || 0 || 0 || 0 || 0 || 0 || 0 || 0 || 0 || 0 || 0 || 0 || 0 || 0 || 0 || 0 || 0 || 0 || 0 || 0 || 0 || 0 || 0 || 0 || 0 || 0 || 0 || 0 || 0 || 0 || 0 || 0 || 0 || 0 || 0 || 0 || 0 || 0 || 0 || 0 || 0 || 0 || 0 || 0 || 0 || 0 || 0 || 0 || 0 || 0 || 0 || 0 || 0 || 0 || 0 || 0 || 0 || 0 || 0 || 0 || 0 || 0 || 0 || 0 || 0 || 0 || 0 || 0 || 0 || 0 || 0 || 0 || 0 || 0 || 0 || 0 || 0 || 0 || 0 || 0 || 0 || 0 || 0 || 0 || 0 || 0 || 0 || 0 || 0 || 0 || 0 || 0 || 0 || 0 || 0 || 0 || 0 || 0 || 0 || 0 || 0 || 0 || 0 || 0 || 0 || 0 || 0 || 0 || 0 || 0 || 0 || 0 || 0 || 0 || 0 || 0 || 0 || 0 || 0 || 0 || 0 || 0 || 0 || 0 || 0 || 0 || 0 || 0 || 0 || 0 || 0 || 0 || 0 || 0 || 0 || 0 || 0 || 0 || 0 || 0 || 0 || 0 || 0 || 0 || 0 || 0 || 0 || 0 || 0 || 0 || 0 || 0 || 0 || 0 || 0 || 0 || 0 || 0 || 0 || 0 || 0 || 0 || 0 || 0 || 0 || 0 || 0 || 0 || 0 || 0 || 0 || 0 || 0 || 0 || 0 || 0 || 0 || 0 || 0 || 0 || 0 || 0 || 0 || 0 || 0 || 0 || 0 || 0 || 0 || 0 || 0 || 0 || 0 || 0 || 0 || 0 || 0 || 0 || 0 || 0 || 0 || 0 || 0 || 0 || 0 || 0 || 0 || 0 || 0 || 0 || 0 || 0 || 0 || 0 || 0 || 0 || 0 || 0 || 0 || 0 || 0 || 0 || 0 || 0 || 0 || 0 || 0 || 0 || 0 || 0 || 0 || 0 || 0 || 0 || 0 || 0 || 0 || 0 || 0 || 0 || 0 || 0 || 0 || 0 || 0 || 0 || 0 || 0 || 0 || 0 || 0 || 0 || 0 || 0 || 0 || 0 || 0 || 0 || 0 || 0 || 0 || 0 || 0 || 0 || 0 || 0 || 0 || 0 || 0 || 0 || 0 || 0 || 0 || 0 || 0 || 0 || 0 || 0 || 0 || 0 || 0 || 0 || 0 || 0 || 0 || 0 || 0 || 0 || 0 || 0 || 0 || 0 || 0 || 0 || 0 || 0 || 0 || 0 || 0 || 0 || 0 || 0 || 0 || 0 || 0 || 0 || 0 || 0 || 0 || 0 || 0 || 0 || 0 || 0 || 0 || 0 || 0 || 0 || 0 || 0 || 0 || 0 || 0 || 0 || 0 || 0 || 0 || 0 || 0 || 0 || 0 || 0 || 0 || 0 || 0 || 0 || 0 || 0 || 0 || 0 || 0 || 0 || 0 || 0 || 0 || 0 || 0 || 0 || 0 || 0 || 0 || 0 || 0 || 0 || 0 || 0 || 0 || 0 || 0 || 0 || 0 || 0 || 0 || 0 || 0 || 0 || 0 || 0 || 0 || 0 || 0 || 0 || 0 || 0 || 0 || 0 || 0 || 0 || 0 || 0 || 0 || 0 || 0 || 0 || 0 || 0 || 0 || 0 || 0 || 0 || 0 || 0 || 0 || 0 || 0 || 0 || 0 || 0 || 0 || 0 || 0 || 0 || 0 || 0 || 0 || 0 || 0 || 0 || 0 || 0 || 0 || 0 || 0 || 0 || 0 || 0 || 0 || 0 || 0 || 0 || 0 || 0 || 0 || 0 || 0 || 0 || 0 || 0 || 0 || 0 || 0 || 0 || 0 || 0 || 0 || 0 || 0 || 0 || 0 || 0 || 0 || 0 || 0 || 0 || 0 || 0 || 0 || 0 || 0 || 0 || 0 || 0 || 0 || 0 || 0 || 0 || 0 || 0 || 0 || 0 || 0 || 0 || 0 || 0 || 0 || 0 || 0 || 0 || 0 || 0 || 0 || 0 || 0 || 0 || 0 || 0 || 0 || 0 || 0 || 0 || 0 || 0 || 0 || 0 || 0 || 0 || 0 || 0 || 0 || 0 || 0 || 0 || 0 || 0 || 0 || 0 || 0 || 0 || 0 || 0 || 0 || 0 || 0 || 0 || 0 || 0 || 0 || 0 || 0 || 0 || 0 || 0 || 0 || 0 || 0 || 0 || 0 || 0 || 0 || 0 || 0 || 0 || 0 || 0 || 0 || 0 || 0 || 0 || 0 || 0 || 0 || 0 || 0 || 0 || 0 || 0 || 0 || 0 || 0 || 0 || 0 || 0 || 0 || 0 || 0 || 0 || 0 || 0 || 0 || 0 || 0 || 0 || 0 || 0 || 0 || 0 || 0 || 0 || 0 || 0 || 0 || 0 || 0 || 0 || 0 || 0 || 0 || 0 || 0 || 0 || 0 || 0 || 0 || 0 || 0 || 0 || 0 || 0 || 0 || 0 || 0 || 0 || 0 || 0 || 0 || 0 || 0 || 0 || 0 || 0 || 0 || 0 || 0 || 0 || 0 || 0 || 0 || 0 || 0 || 0 || 0 || 0 || 0 || 0 || 0 || 0 || 0 || 0 || 0 || 0 || 0 || 0 || 0 || 0 || 0 || 0 || 0 || 0 || 0 || 0 || 0 || 0 || 0 || 0 || 0 || 0 || 0 || 0 || 0 || 0 || 0 || 0 || 0 || 0 || 0 || 0 || 0 || 0 || 0 || 0 || 0 || 0 || 0 || 0 || 0 || 0 || 0 || 0 || 0 || 0 || 0 || 0 || 0 || 0 || 0 || 0 || 0 || 0 || 0 || 0 || 0 || 0 || 0 || 0 || 0 || 0 || 0 || 0 || 0 || 0 || 0 || 0 || 0 || 0 || 0 || 0 || 0 || 0 || 0 || 0 || 0 || 0 || 0 || 0 || 0 || 0 || 0 || 0 || 0 || 0 || 0 || 0 || 0 || 0 || 0 || 0 || 0 || 0 || 0 || 0 || 0 || 0 || 0 || 0 || 0 || 0 || 0 || 0 || 0 || 0 || 0 || 0 || 0 || 0 || 0 || 0 || 0 || 0 || 0 || 0 || 0 || 0 || 0 || 0 || 0 || 0 || 0 || 0 || 0 || 0 || 0 || 0 || 0 || 0 || 0 || 0 || 0 || 0 || 0 || 0 || 0 || 0 || 0 || 0 || 0 || 0 || 0 || 0 || 0 || 0 || 0 || 0 || 0 || 0 || 0 || 0 || 0 || 0 || 0 || 0 || 0 || 0 || 0 || 0 || 0 || 0 || 0 || 0 || 0 || 0 || 0 || 0 || 0 || 0 || 0 || 0 || 0 || 0 || 0 || 0 || 0 || 0 || 0 || 0 || 0 || 0 || 0 || 0 || 0 || 0 || 0 || 0 || 0 || 0 || 0 || 0 || 0 || 0 || 0 || 0 || 0 || 0 || 0 || 0 || 0 || 0 || 0 || 0 || 0 || 0 || 0 || 0 || 0 || 0 || 0 || 0 || 0 || 0 || 0 || 0 || 0 || 0 || 0 || 0 || 0 || 0 || 0 || 0 || 0 || 0 || 0 || 0 || 0 || 0 || 0 || 0 || 0 || 0 || 0 || 0 || 0 || 0 || 0 || 0 || 0 || 0 || 0 || 0 || 0 || 0 || 0 || 0 || 0 || 0 || 0 || 0 || 0 || 0 || 0 || 0 || 0 || 0 || 0 || 0 || 0 || 0 || 0 || 0 || 0 || 0 || 0 || 0 || 0 || 0 || 0 || 0 || 0 || 0 || 0 || 0 || 0 || 0 || 0 || 0 || 0 || 0 || 0 || 0 || 0 || 0 || 0 || 0 || 0 || 0 || 0 || 0 || 0 || 0 || 0 || 0 || 0 || 0 || 0 || 0 || 0 || 0 || 0 || 0 || 0 || 0 || 0 || 0 || 0 || 0 || 0 || 0 || 0 || 0 || 0 || 0 || 0 || 0 || 0 || 0 || 0 || 0 || 0 || 0 || 0 || 0 || 0 || 0 || 0 || 0 || 0 || 0 || 0 || 0 || 0 || 0 || 0 || 0 || 0 || 0 || 0 || 0 || 0 || 0 || 0 || 0 || 0 || 0 || 0 || 0 || 0 || 0 || 0 || 0 || 0 || 0 || 0 || 0 || 0 || 0 || 0 || 0 || 0 || 0 || 0 || 0 || 0 || 0 || 0 || 0 || 0 || 0 || 0 || 0 || 0 || 0 || 0 || 0 || 0 || 0 || 0 || 0 || 0 || 0 || 0 || 0 || 0 || 0 || 0 || 0 || 0 || 0 || 0 || 0 || 0 || 0 || 0 || 0 || 0 || 0 || 0 || 0 || 0 || 0 || 0 || 0 || 0 || 0 || 0 || 0 || 0 || 0 || 0 || 0 || 0 || 0 || 0 || 0 || 0 || 0 || 0 || 0 || 0 || 0 || 0 || 0 || 0 || 0 || 0 || 0 || 0 || 0 || 0 || 0 || 0 || 0 || 0 || 0 || 0 || 0 || 0 || 0 || 0 || 0 || 0 || 0 || 0 || 0 || 0 || 0 || 0 || 0 || 0 || 0 || 0 || 0 || 0 || 0 || 0 || 0 || 0 || 0 || 0 || 0 || 0 || 0 || 0 || 0 || 0 || 0 || 0 || 0 || 0 || 0 || 0 || 0 || 0 || 0 || 0 || 0 || 0 || 0 || 0 || 0 || 0 || 0 || 0 || 0 || 0 || 0 || 0 || 0 || 0 || 0 || 0 || 0 || 0 || 0 || 0 || 0 || 0 || 0 || 0 || 0 || 0 || 0 || 0 || 0 || 0 || 0 || 0 || 0 || 0 || 0 || 0 || 0 || 0 || 0 || 0 || 0 || 0 || 0 || 0 || 0 || 0 || 0 || 0 || 0 || 0 || 0 || 0 || 0 || 0 || 0 || 0 || 0 || 0 || 0 || 0 || 0 || 0 || 0 || 0 || 0 || 0 || 0 || 0 || 0 || 0 || 0 || 0 || 0 || 0 || 0 || 0 || 0 || 0 || 0 || 0 || 0 || 0 || 0 || 0 || 0 || 0 || 0 || 0 || 0 || 0 || 0 || 0 || 0 || 0 || 0 || 0 || 0 || 0 || 0 || 0 || 0 || 0 || 0 || 0 || 0 || 0 || 0 || 0 || 0 || 0 || 0 || 0 || 0 || 0 || 0 || 0 || 0 || 0 || 0 || 0 || 0 || 0 || 0 || 0 || 0 || 0 || 0 || 0 || 0 || 0 || 0 || 0 || 0 || 0 || 0 || 0 || 0 || 0 || 0 || 0 || 0 || 0 || 0 || 0 || 0 || 0 || 0 || 0 || 0 || 0 || 0 || 0 || 0 || 0 || 0 || 0 || 0 || 0 || 0 || 0 || 0 || 0 || 0 || 0 || 0 || 0 || 0 || 0 || 0 || 0 || 0 || 0 || 0 || 0 || 0 || 0 || 0 || 0 || 0 || 0 || 0 || 0 || 0 || 0 || 0 || 0 || 0 || 0 || 0 || 0 || 0 || 0 || 0 || 0 || 0 || 0 || 0 || 0 || 0 || 0 || 0 || 0 || 0 || 0 || 0 || 0 || 0 || 0 || 0 || 0 || 0 || 0 || 0 || 0 || 0 || 0 || 0 || 0 || 0 || 0 || 0 || 0 || 0 || 0 || 0 || 0 || 0 || 0 || 0 || 0 || 0 || 0 || 0 || 0 || 0 || 0 || 0 || 0 || 0 || 0 || 0 || 0 || 0 || 0 || 0 || 0 || 0 || 0 || 0 || 0 || 0 || 0 || 0 || 0 || 0 || 0 || 0 || 0 || 0 || 0 || 0 || 0 || 0 || 0 || 0 || 0 || 0 || 0 || 0 || 0 || 0 || 0 || 0 || 0 || 0 || 0 || 0 || 0 || 0 || 0 || 0 || 0 || 0 || 0 || 0 || 0 || 0 || 0 || 0 || 0 || 0 || 0 || 0 || 0 || 0 || 0 || 0 || 0 || 0 || 0 || 0 || 0 || 0 || 0 || 0 || 0 || 0 || 0 || 0 || 0 || 0 || 0 || 0 || 0 || 0 || 0 || 0 || 0 || 0 || 0 || 0 || 0 || 0 || 0 || 0 || 0 || 0 || 0 || 0 || 0 || 0 || 0 || 0 || 0 || 0 || 0 || 0 || 0 || 0 || 0 || 0 || 0 || 0 || 0 || 0 || 0 || 0 || 0 || 0 || 0 || 0 || 0 || 0 || 0 || 0 || 0 || 0 || 0 || 0 || 0 || 0 || 0 || 0 || 0 || 0 || 0 || 0 || 0 || 0 || 0 || 0 || 0 || 0 || 0 || 0 || 0 || 0 || 0 || 0 || 0 || 0 || 0 || 0 || 0 || 0 || 0 || 0 || 0 || 0 || 0 || 0 || 0 || 0 || 0 || 0 || 0 || 0 || 0 || 0 || 0 || 0 || 0 || 0 || 0 || 0 || 0 || 0 || 0 || 0 || 0 || 0 || 0 || 0 || 0 || 0 || 0 || 0 || 0 || 0 || 0 || 0 || 0 || 0 || 0 || 0 || 0 || 0 || 0 || 0 || 0 || 0 || 0 || 0 || 0 || 0 || 0 || 0 || 0 || 0 || 0 || 0 || 0 || 0 || 0 || 0 || 0 || 0 || 0 || 0 || 0 || 0 || 0 || 0 || 0 || 0 || 0 || 0 || 0 || 0 || 0 || 0 || 0 || 0 || 0 || 0 || 0 || 0 || 0 || 0 || 0 || 0 || 0 || 0 || 0 || 0 || 0 || 0 || 0 || 0 || 0 || 0 || 0 || 0 || 0 || 0 || 0 || 0 || 0 || 0 || 0 || 0 || 0 || 0 || 0 || 0 || 0 || 0 || 0 || 0 || 0 || 0 || 0 || 0 || 0 || 0 || 0 || 0 || 0 || 0 || 0 || 0 || 0 || 0 || 0 || 0 || 0 || 0 || 0 || 0 || 0 || 0 || 0 || 0 || 0 || 0 || 0 || 0 || 0 || 0 || 0 || 0 || 0 || 0 || 0 || 0 || 0 || 0 || 0 || 0 || 0 || 0 || 0 || 0 || 0 || 0 || 0 || 0 || 0 || 0 || 0 || 0 || 0 || 0 || 0 || 0 || 0 || 0 || 0 || 0 || 0 || 0 || 0 || 0 || 0 || 0 || 0 || 0 || 0 || 0 || 0 || 0 || 0 || 0 || 0 || 0 || 0 || 0 || 0 || 0 || 0 || 0 || 0 || 0 || 0 || 0 || 0 || 0 || 0 || 0 || 0 || 0 || 0 || 0 || 0 || 0 || 0 || 0 || 0 || 0 || 0 || 0 || 0 || 0 || 0 || 0 || 0 || 0 || 0 || 0 || 0 || 0 || 0 || 0 || 0 || 0 || 0 || 0 || 0 || 0 || 0 || 0 || 0 || 0 || 0 || 0 || 0 || 0 || 0 || 0 || 0 || 0 || 0 || 0 || 0 || 0 || 0 || 0 || 0 || 0 || 0 || 0 || 0 || 0 || 0 || 0 || 0 || 0 || 0 || 0 || 0 || 0 || 0 || 0 || 0 || 0 || 0 || 0 || 0 || 0 || 0 || 0 || 0 || 0 || 0 || 0 || 0 || 0 || 0 || 0 || 0 || 0 || 0 || 0 || 0 || 0 || 0 || 0 || 0 || 0 || 0 || 0 || 0 || 0 || 0 || 0 || 0 || 0 || 0 || 0 || 0 || 0 || 0 || 0 || 0 || 0 || 0 || 0 || 0 || 0 || 0 || 0 || 0 || 0 || 0 || 0 || 0 || 0 || 0 || 0 || 0 || 0 || 0 || 0 || 0 || 0 || 0 || 0 || 0 || 0 || 0 || 0 || 0 || 0 || 0 || 0 || 0 || 0 || 0 || 0 || 0 || 0 || 0 || 0 || 0 || 0 || 0 || 0 || 0 || 0 || 0 || 0 || 0 || 0 || 0 || 0 || 0 || 0 || 0 || 0 || 0 || 0 || 0 || 0 || 0 || 0 || 0 || 0 || 0 || 0 || 0 || 0 || 0 || 0 || 0 || 0 || 0 || 0 || 0 || 0 || 0 || 0 || 0 || 0 || 0 || 0 || 0 || 0 || 0 || 0 || 0 || 0 || 0 || 0 || 0 || 0 || 0 || 0 || 0 || 0 || 0 || 0 || 0 || 0 || 0 || 0 || 0 || 0 || 0 || 0 || 0 || 0 || 0 || 0 || 0 || 0 || 0 || 0 || 0 || 0 || 0 || 0 || 0 || 0 || 0 || 0 || 0 || 0 || 0 || 0 || 0 || 0 || 0 || 0 || 0 || 0 || 0 || 0 || 0 || 0 || 0 || 0 || 0 || 0 || 0 || 0 || 0 || 0 || 0 || 0 || 0 || 0 || 0 || 0 || 0 || 0 || 0 || 0 || 0 || 0 || 0 || 0 || 0 || 0 || 0 || 0 || 0 || 0 || 0 || 0 || 0 || 0 || 0 || 0 || 0 || 0 || 0 || 0 || 0 || 0 || 0 || 0 || 0 || 0 || 0 || 0 || 0 || 0 || 0 || 0 || 0 || 0 || 0 || 0 || 0 || 0 || 0 || 0 || 0 || 0 || 0 || 0 || 0 || 0 || 0 || 0 || 0 || 0 || 0 || 0 || 0 || 0 || 0 || 0 || 0 || 0 || 0 || 0 || 0 || 0 || 0 || 0 || 0 || 0 || 0 || 0 || 0 || 0 || 0 || 0 || 0 || 0 || 0 || 0 || 0 || 0 || 0 || 0 || 0 || 0 || 0 || 0 || 0 || 0 || 0 || 0 || 0 || 0 || 0 || 0 || 0 || 0 || 0 || 0 || 0 || 0 || 0 || 0 || 0 || 0 || 0 || 0 || 0 || 0 || 0 || 0 || 0 || 0 || 0 || 0 || 0 || 0 || 0 || 0 || 0 || 0 || 0 || 0 || 0 || 0 || 0 || 0 || 0 || 0 || 0 || 0 || 0 || 0 || 0 || 0 || 0 || 0 || 0 || 0 || 0 || 0 || 0 || 0 || 0 || 0 || 0 || 0 || 0 || 0 || 0 || 0 || 0 || 0 || 0 || 0 || 0 || 0 || 0 || 0 || 0 || 0 || 0 || 0 || 0 || 0 || 0 || 0 || 0 || 0 || 0 || 0 || 0 || 0 || 0 || 0 || 0 || 0 || 0 || 0 || 0 || 0 || 0 || 0 || 0 || 0 || 0 || 0 || 0 || 0 || 0 || 0 || 0 || 0 || 0 || 0 || 0 || 0 || 0 || 0 || 0 || 0 || 0 || 0 || 0 || 0 || 0 || 0 || 0 || 0 || 0 || 0 || 0 || 0 || 0 || 0 || 0 || 0 || 0 || 0 || 0 || 0 || 0 || 0 || 0 || 0 || 0 || 0 || 0 || 0 || 0 || 0 || 0 || 0 || 0 || 0 || 0 || 0 || 0 || 0 || 0 || 0 || 0 || 0 || 0 || 0 || 0 || 0 || 0 || 0 || 0 || 0 || 0 || 0 || 0 || 0 || 0 || 0 || 0 || 0 || 0 || 0 || 0 || 0 || 0 || 0 || 0 || 0 || 0 || 0 || 0 || 0 || 0 || 0 || 0 || 0 || 0 || 0 || 0 || 0 || 0 || 0 || 0 || 0 || 0 || 0 || 0 || 0 || 0 || 0 || 0 || 0 || 0 || 0 || 0 || 0 || 0 || 0 || 0 || 0 || 0 || 0 || 0 || 0 || 0 || 0 || 0 || 0 || 0 || 0 || 0 || 0 || 0 || 0 || 0 || 0 || 0 || 0 || 0 || 0 || 0 || 0 || 0 || 0 || 0 || 0 || 0 || 0 || 0 || 0 || 0 || 0 || 0 || 0 || 0 || 0 || 0 || 0 || 0 || 0 || 0 || 0 || 0 || 0 || 0 || 0 || 0 || 0 || 0 || 0 || 0 || 0 || 0 || 0 || 0 || 0 || 0 || 0 || 0 || 0 || 0 || 0 || 0 || 0 || 0 || 0 || 0 || 0 || 0 || 0 || 0 || 0 || 0 || 0 || 0 || 0 || 0 || 0 || 0 || 0 || 0 || 0 || 0 || 0 || 0 || 0 || 0 || 0 || 0 || 0 || 0 || 0 || 0 || 0 || 0 || 0 || 0 || 0 || 0 || 0 || 0 || 0 || 0 || 0 || 0 || 0 || 0 || 0 || 0 || 0 || 0 || 0 || 0 || 0 || 0 || 0 || 0 || 0 || 0 || 0 || 0 || 0 || 0 || 0 || 0 || 0 || 0 || 0 || 0 || 0 || 0 || 0 || 0 || 0 || 0 || 0 || 0 || 0 || 0 || 0 || 0 || 0 || 0 || 0 || 0 || 0 || 0 || 0 || 0 || 0 || 0 || 0 || 0 || 0 || 0 || 0 || 0 || 0 || 0 || 0 || 0 || 0 || 0 || 0 || 0 || 0 || 0 || 0 || 0 || 0 || 0 || 0 || 0 || 0 || 0 || 0 || 0 || 0 || 0 || 0 || 0 || 0 || 0 || 0 || 0 || 0 || 0 || 0 || 0 || 0 || 0 || 0 || 0 || 0 || 0 || 0 || 0 || 0 || 0 || 0 || 0 || 0 || 0 || 0 || 0 || 0 || 0 || 0 || 0 || 0 || 0 || 0 || 0 || 0 || 0 || 0 || 0 || 0 || 0 || 0 || 0 || 0 || 0 || 0 || 0 || 0 || 0 || 0 || 0 || 0 || 0 || 0 || 0 || 0 || 0 || 0 || 0 || 0 || 0 || 0 || 0 || 0 || 0 || 0 || 0 || 0 || 0 || 0 || 0 || 0 || 0 || 0 || 0 || 0 || 0 || 0 || 0 || 0 || 0 || 0 || 0 || 0 || 0 || 0 || 0 || 0 || 0 || 0 || 0 || 0 || 0 || 0 || 0 || 0 || 0 || 0 || 0 || 0 || 0 || 0 || 0 || 0 || 0 || 0 || 0 || 0 || 0 || 0 || 0 || 0 || 0 || 0 || 0 || 0 || 0 || 0 || 0 || 0 || 0 || 0 || 0 || 0 || 0 || 0 || 0 || 0 || 0 || 0 || 0 || 0 || 0 || 0 || 0 || 0 || 0 || 0 || 0 || 0 || 0 || 0 || 0 || 0 || 0 || 0 || 0 || 0 || 0 || 0 || 0 || 0 || 0 || 0 || 0 || 0 || 0 || 0 || 0 || 0 || 0 || 0 || 0 || 0 || 0 || 0 || 0 || 0 || 0 || 0 || 0 || 0 || 0 || 0 || 0 || 0 || 0 || 0 || 0 || 0 || 0 || 0 || 0 || 0 || 0 || 0 || 0 || 0 || 0 || 0 || 0 || 0 || 0 || 0 || 0 || 0 || 0 || 0 || 0 || 0 || 0 || 0 || 0 || 0 || 0 || 0 || 0 || 0 || 0 || 0 || 0 || 0 || 0 || 0 || 0 || 0 || 0 || 0 || 0 || 0 || 0 || 0 || 0 || 0 || 0 || 0 || 0 || 0 || 0 || 0 || 0 || 0 || 0 || 0 || 0 || 0 || 0 || 0 || 
1: 0
2: 0
3: 1
5: 0

Query result:9
