1000x^370 + 1000x^160 + 1000x^2 || 
Expanded query size:4096
1000x^370 + 1000x^160 + 1000x^2|| 
FFFx^370 + FFFx^160 + FFFx^2|| 0|| 
FFDx^160|| 0|| FFDx^368 + FFD|| 0|| 
FF9x^160|| 0|| FF9x^368 + FF9|| 0|| 0|| 0|| 0|| 0|| 
FF1x^160|| 0|| FF1x^368 + FF1|| 0|| 0|| 0|| 0|| 0|| 0|| 0|| 0|| 0|| 0|| 0|| 0|| 0|| 
FE1x^160|| 0|| FE1|| 0|| 0|| 0|| 0|| 0|| 0|| 0|| 0|| 0|| 0|| 0|| 0|| 0|| 0|| 0|| FE1x^352|| 0|| 0|| 0|| 0|| 0|| 0|| 0|| 0|| 0|| 0|| 0|| 0|| 0|| 
0|| 0|| FC1|| 0|| 0|| 0|| 0|| 0|| 0|| 0|| 0|| 0|| 0|| 0|| 0|| 0|| 0|| 0|| 0|| 0|| 0|| 0|| 0|| 0|| 0|| 0|| 0|| 0|| 0|| 0|| 0|| 0|| FC1x^128|| 0|| 0|| 0|| 0|| 0|| 0|| 0|| 0|| 0|| 0|| 0|| 0|| 0|| 0|| 0|| 0|| 0|| FC1x^320|| 0|| 0|| 0|| 0|| 0|| 0|| 0|| 0|| 0|| 0|| 0|| 0|| 0|| 
0|| 0|| F81|| 0|| 0|| 0|| 0|| 0|| 0|| 0|| 0|| 0|| 0|| 0|| 0|| 0|| 0|| 0|| 0|| 0|| 0|| 0|| 0|| 0|| 0|| 0|| 0|| 0|| 0|| 0|| 0|| 0|| F81x^128|| 0|| 0|| 0|| 0|| 0|| 0|| 0|| 0|| 0|| 0|| 0|| 0|| 0|| 0|| 0|| 0|| 0|| 0|| 0|| 0|| 0|| 0|| 0|| 0|| 0|| 0|| 0|| 0|| 0|| 0|| 0|| 0|| 0|| 0|| 0|| 0|| 0|| 0|| 0|| 0|| 0|| 0|| 0|| 0|| 0|| 0|| 0|| 0|| 0|| 0|| 0|| 0|| 0|| 0|| 0|| 0|| 0|| 0|| 0|| 0|| 0|| 0|| 0|| 0|| 0|| 0|| 0|| 0|| 0|| 0|| 0|| 0|| 0|| 0|| 0|| 0|| 0|| 0|| 0|| 0|| 0|| F81x^256|| 0|| 0|| 0|| 0|| 0|| 0|| 0|| 0|| 0|| 0|| 0|| 0|| 0|| 
0|| 0|| F01|| 0|| 0|| 0|| 0|| 0|| 0|| 0|| 0|| 0|| 0|| 0|| 0|| 0|| 0|| 0|| 0|| 0|| 0|| 0|| 0|| 0|| 0|| 0|| 0|| 0|| 0|| 0|| 0|| 0|| 0|| 0|| 0|| 0|| 0|| 0|| 0|| 0|| 0|| 0|| 0|| 0|| 0|| 0|| 0|| 0|| 0|| 0|| 0|| 0|| 0|| 0|| 0|| 0|| 0|| 0|| 0|| 0|| 0|| 0|| 0|| 0|| 0|| 0|| 0|| 0|| 0|| 0|| 0|| 0|| 0|| 0|| 0|| 0|| 0|| 0|| 0|| 0|| 0|| 0|| 0|| 0|| 0|| 0|| 0|| 0|| 0|| 0|| 0|| 0|| 0|| 0|| 0|| 0|| 0|| 0|| 0|| 0|| 0|| 0|| 0|| 0|| 0|| 0|| 0|| 0|| 0|| 0|| 0|| 0|| 0|| 0|| F01x^256|| 0|| 0|| 0|| 0|| 0|| 0|| 0|| 0|| 0|| 0|| 0|| 0|| 0|| 0|| 0|| 0|| 0|| 0|| 0|| 0|| 0|| 0|| 0|| 0|| 0|| 0|| 0|| 0|| 0|| 0|| 0|| 0|| 0|| 0|| 0|| 0|| 0|| 0|| 0|| 0|| 0|| 0|| 0|| 0|| 0|| F01|| 0|| 0|| 0|| 0|| 0|| 0|| 0|| 0|| 0|| 0|| 0|| 0|| 0|| 0|| 0|| 0|| 0|| 0|| 0|| 0|| 0|| 0|| 0|| 0|| 0|| 0|| 0|| 0|| 0|| 0|| 0|| 0|| 0|| 0|| 0|| 0|| 0|| 0|| 0|| 0|| 0|| 0|| 0|| 0|| 0|| 0|| 0|| 0|| 0|| 0|| 0|| 0|| 0|| 0|| 0|| 0|| 0|| 0|| 0|| 0|| 0|| 0|| 0|| 0|| 0|| 0|| 0|| 0|| 0|| 0|| 0|| 0|| 0|| 0|| 0|| 0|| 0|| 0|| 0|| 0|| 0|| 0|| 0|| 0|| 0|| 0|| 0|| 0|| 0|| 0|| 0|| 0|| 0|| 0|| 0|| 
0|| 0|| E01|| 0|| 0|| 0|| 0|| 0|| 0|| 0|| 0|| 0|| 0|| 0|| 0|| 0|| 0|| 0|| 0|| 0|| 0|| 0|| 0|| 0|| 0|| 0|| 0|| 0|| 0|| 0|| 0|| 0|| 0|| 0|| 0|| 0|| 0|| 0|| 0|| 0|| 0|| 0|| 0|| 0|| 0|| 0|| 0|| 0|| 0|| 0|| 0|| 0|| 0|| 0|| 0|| 0|| 0|| 0|| 0|| 0|| 0|| 0|| 0|| 0|| 0|| 0|| 0|| 0|| 0|| 0|| 0|| 0|| 0|| 0|| 0|| 0|| 0|| 0|| 0|| 0|| 0|| 0|| 0|| 0|| 0|| 0|| 0|| 0|| 0|| 0|| 0|| 0|| 0|| 0|| 0|| 0|| 0|| 0|| 0|| 0|| 0|| 0|| 0|| 0|| 0|| 0|| 0|| 0|| 0|| 0|| 0|| 0|| 0|| 0|| 0|| 0|| 0|| 0|| 0|| 0|| 0|| 0|| 0|| 0|| 0|| 0|| 0|| 0|| 0|| 0|| 0|| 0|| 0|| 0|| 0|| 0|| 0|| 0|| 0|| 0|| 0|| 0|| 0|| 0|| 0|| 0|| 0|| 0|| 0|| 0|| 0|| 0|| 0|| 0|| 0|| 0|| 0|| 0|| 0|| 0|| E01|| 0|| 0|| 0|| 0|| 0|| 0|| 0|| 0|| 0|| 0|| 0|| 0|| 0|| 0|| 0|| 0|| 0|| 0|| 0|| 0|| 0|| 0|| 0|| 0|| 0|| 0|| 0|| 0|| 0|| 0|| 0|| 0|| 0|| 0|| 0|| 0|| 0|| 0|| 0|| 0|| 0|| 0|| 0|| 0|| 0|| 0|| 0|| 0|| 0|| 0|| 0|| 0|| 0|| 0|| 0|| 0|| 0|| 0|| 0|| 0|| 0|| 0|| 0|| 0|| 0|| 0|| 0|| 0|| 0|| 0|| 0|| 0|| 0|| 0|| 0|| 0|| 0|| 0|| 0|| 0|| 0|| 0|| 0|| 0|| 0|| 0|| 0|| 0|| 0|| 0|| 0|| 0|| 0|| 0|| 0|| 0|| 0|| 0|| 0|| 0|| 0|| 0|| 0|| 0|| 0|| 0|| 0|| 0|| 0|| 0|| 0|| 0|| 0|| 0|| 0|| 0|| 0|| 0|| 0|| 0|| 0|| 0|| 0|| 0|| 0|| 0|| 0|| 0|| 0|| 0|| 0|| 0|| 0|| 0|| 0|| 0|| 0|| 0|| 0|| 0|| 0|| 0|| 0|| 0|| 0|| 0|| 0|| 0|| 0|| 0|| 0|| 0|| 0|| 0|| 0|| 0|| 0|| 0|| 0|| 0|| 0|| 0|| 0|| 0|| 0|| 0|| 0|| 0|| 0|| 0|| 0|| 0|| 0|| 0|| 0|| 0|| 0|| 0|| 0|| 0|| 0|| 0|| 0|| 0|| 0|| 0|| 0|| 0|| 0|| 0|| 0|| 0|| 0|| 0|| 0|| 0|| 0|| 0|| 0|| 0|| 0|| 0|| 0|| 0|| 0|| 0|| 0|| 0|| 0|| E01|| 0|| 0|| 0|| 0|| 0|| 0|| 0|| 0|| 0|| 0|| 0|| 0|| 0|| 0|| 0|| 0|| 0|| 0|| 0|| 0|| 0|| 0|| 0|| 0|| 0|| 0|| 0|| 0|| 0|| 0|| 0|| 0|| 0|| 0|| 0|| 0|| 0|| 0|| 0|| 0|| 0|| 0|| 0|| 0|| 0|| 0|| 0|| 0|| 0|| 0|| 0|| 0|| 0|| 0|| 0|| 0|| 0|| 0|| 0|| 0|| 0|| 0|| 0|| 0|| 0|| 0|| 0|| 0|| 0|| 0|| 0|| 0|| 0|| 0|| 0|| 0|| 0|| 0|| 0|| 0|| 0|| 0|| 0|| 0|| 0|| 0|| 0|| 0|| 0|| 0|| 0|| 0|| 0|| 0|| 0|| 0|| 0|| 0|| 0|| 0|| 0|| 0|| 0|| 0|| 0|| 0|| 0|| 0|| 0|| 0|| 0|| 0|| 0|| 0|| 0|| 0|| 0|| 0|| 0|| 0|| 0|| 0|| 0|| 0|| 0|| 0|| 0|| 0|| 0|| 0|| 0|| 0|| 0|| 0|| 0|| 0|| 0|| 0|| 0|| 0|| 0|| 
0|| 0|| C01|| 0|| 0|| 0|| 0|| 0|| 0|| 0|| 0|| 0|| 0|| 0|| 0|| 0|| 0|| 0|| 0|| 0|| 0|| 0|| 0|| 0|| 0|| 0|| 0|| 0|| 0|| 0|| 0|| 0|| 0|| 0|| 0|| 0|| 0|| 0|| 0|| 0|| 0|| 0|| 0|| 0|| 0|| 0|| 0|| 0|| 0|| 0|| 0|| 0|| 0|| 0|| 0|| 0|| 0|| 0|| 0|| 0|| 0|| 0|| 0|| 0|| 0|| 0|| 0|| 0|| 0|| 0|| 0|| 0|| 0|| 0|| 0|| 0|| 0|| 0|| 0|| 0|| 0|| 0|| 0|| 0|| 0|| 0|| 0|| 0|| 0|| 0|| 0|| 0|| 0|| 0|| 0|| 0|| 0|| 0|| 0|| 0|| 0|| 0|| 0|| 0|| 0|| 0|| 0|| 0|| 0|| 0|| 0|| 0|| 0|| 0|| 0|| 0|| 0|| 0|| 0|| 0|| 0|| 0|| 0|| 0|| 0|| 0|| 0|| 0|| 0|| 0|| 0|| 0|| 0|| 0|| 0|| 0|| 0|| 0|| 0|| 0|| 0|| 0|| 0|| 0|| 0|| 0|| 0|| 0|| 0|| 0|| 0|| 0|| 0|| 0|| 0|| 0|| 0|| 0|| 0|| 0|| C01|| 0|| 0|| 0|| 0|| 0|| 0|| 0|| 0|| 0|| 0|| 0|| 0|| 0|| 0|| 0|| 0|| 0|| 0|| 0|| 0|| 0|| 0|| 0|| 0|| 0|| 0|| 0|| 0|| 0|| 0|| 0|| 0|| 0|| 0|| 0|| 0|| 0|| 0|| 0|| 0|| 0|| 0|| 0|| 0|| 0|| 0|| 0|| 0|| 0|| 0|| 0|| 0|| 0|| 0|| 0|| 0|| 0|| 0|| 0|| 0|| 0|| 0|| 0|| 0|| 0|| 0|| 0|| 0|| 0|| 0|| 0|| 0|| 0|| 0|| 0|| 0|| 0|| 0|| 0|| 0|| 0|| 0|| 0|| 0|| 0|| 0|| 0|| 0|| 0|| 0|| 0|| 0|| 0|| 0|| 0|| 0|| 0|| 0|| 0|| 0|| 0|| 0|| 0|| 0|| 0|| 0|| 0|| 0|| 0|| 0|| 0|| 0|| 0|| 0|| 0|| 0|| 0|| 0|| 0|| 0|| 0|| 0|| 0|| 0|| 0|| 0|| 0|| 0|| 0|| 0|| 0|| 0|| 0|| 0|| 0|| 0|| 0|| 0|| 0|| 0|| 0|| 0|| 0|| 0|| 0|| 0|| 0|| 0|| 0|| 0|| 0|| 0|| 0|| 0|| 0|| 0|| 0|| 0|| 0|| 0|| 0|| 0|| 0|| 0|| 0|| 0|| 0|| 0|| 0|| 0|| 0|| 0|| 0|| 0|| 0|| 0|| 0|| 0|| 0|| 0|| 0|| 0|| 0|| 0|| 0|| 0|| 0|| 0|| 0|| 0|| 0|| 0|| 0|| 0|| 0|| 0|| 0|| 0|| 0|| 0|| 0|| 0|| 0|| 0|| 0|| 0|| 0|| 0|| 0|| C01|| 0|| 0|| 0|| 0|| 0|| 0|| 0|| 0|| 0|| 0|| 0|| 0|| 0|| 0|| 0|| 0|| 0|| 0|| 0|| 0|| 0|| 0|| 0|| 0|| 0|| 0|| 0|| 0|| 0|| 0|| 0|| 0|| 0|| 0|| 0|| 0|| 0|| 0|| 0|| 0|| 0|| 0|| 0|| 0|| 0|| 0|| 0|| 0|| 0|| 0|| 0|| 0|| 0|| 0|| 0|| 0|| 0|| 0|| 0|| 0|| 0|| 0|| 0|| 0|| 0|| 0|| 0|| 0|| 0|| 0|| 0|| 0|| 0|| 0|| 0|| 0|| 0|| 0|| 0|| 0|| 0|| 0|| 0|| 0|| 0|| 0|| 0|| 0|| 0|| 0|| 0|| 0|| 0|| 0|| 0|| 0|| 0|| 0|| 0|| 0|| 0|| 0|| 0|| 0|| 0|| 0|| 0|| 0|| 0|| 0|| 0|| 0|| 0|| 0|| 0|| 0|| 0|| 0|| 0|| 0|| 0|| 0|| 0|| 0|| 0|| 0|| 0|| 0|| 0|| 0|| 0|| 0|| 0|| 0|| 0|| 0|| 0|| 0|| 0|| 0|| 0|| 0|| 0|| 0|| 0|| 0|| 0|| 0|| 0|| 0|| 0|| 0|| 0|| 0|| 0|| 0|| 0|| 0|| 0|| 0|| 0|| 0|| 0|| 0|| 0|| 0|| 0|| 0|| 0|| 0|| 0|| 0|| 0|| 0|| 0|| 0|| 0|| 0|| 0|| 0|| 0|| 0|| 0|| 0|| 0|| 0|| 0|| 0|| 0|| 0|| 0|| 0|| 0|| 0|| 0|| 0|| 0|| 0|| 0|| 0|| 0|| 0|| 0|| 0|| 0|| 0|| 0|| 0|| 0|| 0|| 0|| 0|| 0|| 0|| 0|| 0|| 0|| 0|| 0|| 0|| 0|| 0|| 0|| 0|| 0|| 0|| 0|| 0|| 0|| 0|| 0|| 0|| 0|| 0|| 0|| 0|| 0|| 0|| 0|| 0|| 0|| 0|| 0|| 0|| 0|| 0|| 0|| 0|| 0|| 0|| 0|| 0|| 0|| 0|| 0|| 0|| 0|| 0|| 0|| 0|| 0|| 0|| 0|| 0|| 0|| 0|| 0|| 0|| 0|| 0|| 0|| 0|| 0|| 0|| 0|| 0|| 0|| 0|| 0|| 0|| 0|| 0|| 0|| 0|| 0|| 0|| 0|| 0|| 0|| 0|| 0|| 0|| 0|| 0|| 0|| 0|| 0|| 0|| 0|| 0|| 0|| 0|| 0|| 0|| 0|| 0|| 0|| 0|| 0|| 0|| 0|| 0|| 0|| 0|| 0|| 0|| 0|| 0|| 0|| 0|| 0|| 0|| 0|| 0|| 0|| 0|| 0|| 0|| 0|| 0|| 0|| 0|| 0|| 0|| 0|| 0|| 0|| 0|| 0|| 0|| 0|| 0|| 0|| 0|| 0|| 0|| 0|| 0|| 0|| 0|| 0|| 0|| 0|| 0|| 0|| 0|| 0|| 0|| 0|| 0|| 0|| 0|| 0|| 0|| 0|| 0|| 0|| 0|| 0|| 0|| 0|| 0|| 0|| 0|| 0|| 0|| 0|| 0|| 0|| 0|| 0|| 0|| 0|| 0|| 0|| 0|| 0|| 0|| 0|| 0|| 0|| 0|| 0|| 0|| 0|| 0|| 0|| 0|| 0|| 0|| 0|| 0|| 0|| 0|| 0|| 0|| 0|| 0|| 0|| 0|| 0|| 0|| 0|| 0|| 0|| 0|| 0|| 0|| 0|| 0|| 0|| 0|| 0|| 0|| 0|| 0|| 0|| 0|| 0|| 0|| 0|| 0|| 0|| 0|| 0|| 0|| 0|| 0|| 0|| 0|| 0|| 0|| 0|| 0|| 0|| 0|| 0|| 0|| 0|| 0|| 0|| 0|| 0|| 0|| 0|| 0|| 0|| 0|| 0|| 0|| 0|| 0|| 0|| 0|| 0|| 0|| 0|| 0|| 0|| 0|| 0|| 0|| 0|| 0|| 0|| 0|| 0|| 0|| 0|| 0|| 0|| 0|| 0|| 0|| 0|| 0|| 0|| 0|| 0|| 0|| 0|| 0|| 0|| 0|| 0|| 0|| 0|| 0|| 0|| 0|| 0|| 0|| 0|| 0|| 0|| 0|| 0|| 0|| 0|| 0|| 0|| 0|| 0|| 0|| 0|| 0|| 0|| 0|| 0|| 0|| 0|| 0|| 0|| 0|| 0|| 0|| 0|| 0|| 0|| 0|| 0|| 0|| 0|| 0|| 0|| 0|| 0|| 0|| 0|| 0|| 0|| 0|| 0|| 0|| 0|| 0|| 0|| 0|| 0|| 0|| 0|| 0|| 0|| 0|| 0|| 0|| 0|| 0|| 0|| 0|| 0|| 0|| 0|| 0|| 0|| 0|| 0|| 0|| 0|| 0|| 0|| 0|| 0|| 0|| 0|| 0|| 0|| 0|| 0|| 0|| 0|| 0|| 0|| 0|| 0|| 0|| 0|| 0|| 0|| 0|| 0|| 0|| 0|| 0|| 0|| 0|| 0|| 0|| 0|| 0|| 0|| 0|| 0|| 0|| 0|| 0|| 0|| 0|| 0|| 0|| 0|| 0|| 0|| 0|| 0|| 0|| 0|| 0|| 0|| 0|| 0|| 0|| 0|| 0|| 0|| 0|| 0|| 0|| 0|| 0|| 0|| 0|| 0|| 0|| 0|| 0|| 0|| 0|| 0|| 0|| 0|| 0|| 0|| 0|| 0|| 0|| 0|| 0|| 0|| 0|| 0|| 0|| 0|| 
0|| 0|| 801|| 0|| 0|| 0|| 0|| 0|| 0|| 0|| 0|| 0|| 0|| 0|| 0|| 0|| 0|| 0|| 0|| 0|| 0|| 0|| 0|| 0|| 0|| 0|| 0|| 0|| 0|| 0|| 0|| 0|| 0|| 0|| 0|| 0|| 0|| 0|| 0|| 0|| 0|| 0|| 0|| 0|| 0|| 0|| 0|| 0|| 0|| 0|| 0|| 0|| 0|| 0|| 0|| 0|| 0|| 0|| 0|| 0|| 0|| 0|| 0|| 0|| 0|| 0|| 0|| 0|| 0|| 0|| 0|| 0|| 0|| 0|| 0|| 0|| 0|| 0|| 0|| 0|| 0|| 0|| 0|| 0|| 0|| 0|| 0|| 0|| 0|| 0|| 0|| 0|| 0|| 0|| 0|| 0|| 0|| 0|| 0|| 0|| 0|| 0|| 0|| 0|| 0|| 0|| 0|| 0|| 0|| 0|| 0|| 0|| 0|| 0|| 0|| 0|| 0|| 0|| 0|| 0|| 0|| 0|| 0|| 0|| 0|| 0|| 0|| 0|| 0|| 0|| 0|| 0|| 0|| 0|| 0|| 0|| 0|| 0|| 0|| 0|| 0|| 0|| 0|| 0|| 0|| 0|| 0|| 0|| 0|| 0|| 0|| 0|| 0|| 0|| 0|| 0|| 0|| 0|| 0|| 0|| 801|| 0|| 0|| 0|| 0|| 0|| 0|| 0|| 0|| 0|| 0|| 0|| 0|| 0|| 0|| 0|| 0|| 0|| 0|| 0|| 0|| 0|| 0|| 0|| 0|| 0|| 0|| 0|| 0|| 0|| 0|| 0|| 0|| 0|| 0|| 0|| 0|| 0|| 0|| 0|| 0|| 0|| 0|| 0|| 0|| 0|| 0|| 0|| 0|| 0|| 0|| 0|| 0|| 0|| 0|| 0|| 0|| 0|| 0|| 0|| 0|| 0|| 0|| 0|| 0|| 0|| 0|| 0|| 0|| 0|| 0|| 0|| 0|| 0|| 0|| 0|| 0|| 0|| 0|| 0|| 0|| 0|| 0|| 0|| 0|| 0|| 0|| 0|| 0|| 0|| 0|| 0|| 0|| 0|| 0|| 0|| 0|| 0|| 0|| 0|| 0|| 0|| 0|| 0|| 0|| 0|| 0|| 0|| 0|| 0|| 0|| 0|| 0|| 0|| 0|| 0|| 0|| 0|| 0|| 0|| 0|| 0|| 0|| 0|| 0|| 0|| 0|| 0|| 0|| 0|| 0|| 0|| 0|| 0|| 0|| 0|| 0|| 0|| 0|| 0|| 0|| 0|| 0|| 0|| 0|| 0|| 0|| 0|| 0|| 0|| 0|| 0|| 0|| 0|| 0|| 0|| 0|| 0|| 0|| 0|| 0|| 0|| 0|| 0|| 0|| 0|| 0|| 0|| 0|| 0|| 0|| 0|| 0|| 0|| 0|| 0|| 0|| 0|| 0|| 0|| 0|| 0|| 0|| 0|| 0|| 0|| 0|| 0|| 0|| 0|| 0|| 0|| 0|| 0|| 0|| 0|| 0|| 0|| 0|| 0|| 0|| 0|| 0|| 0|| 0|| 0|| 0|| 0|| 0|| 0|| 801|| 0|| 0|| 0|| 0|| 0|| 0|| 0|| 0|| 0|| 0|| 0|| 0|| 0|| 0|| 0|| 0|| 0|| 0|| 0|| 0|| 0|| 0|| 0|| 0|| 0|| 0|| 0|| 0|| 0|| 0|| 0|| 0|| 0|| 0|| 0|| 0|| 0|| 0|| 0|| 0|| 0|| 0|| 0|| 0|| 0|| 0|| 0|| 0|| 0|| 0|| 0|| 0|| 0|| 0|| 0|| 0|| 0|| 0|| 0|| 0|| 0|| 0|| 0|| 0|| 0|| 0|| 0|| 0|| 0|| 0|| 0|| 0|| 0|| 0|| 0|| 0|| 0|| 0|| 0|| 0|| 0|| 0|| 0|| 0|| 0|| 0|| 0|| 0|| 0|| 0|| 0|| 0|| 0|| 0|| 0|| 0|| 0|| 0|| 0|| 0|| 0|| 0|| 0|| 0|| 0|| 0|| 0|| 0|| 0|| 0|| 0|| 0|| 0|| 0|| 0|| 0|| 0|| 0|| 0|| 0|| 0|| 0|| 0|| 0|| 0|| 0|| 0|| 0|| 0|| 0|| 0|| 0|| 0|| 0|| 0|| 0|| 0|| 0|| 0|| 0|| 0|| 0|| 0|| 0|| 0|| 0|| 0|| 0|| 0|| 0|| 0|| 0|| 0|| 0|| 0|| 0|| 0|| 0|| 0|| 0|| 0|| 0|| 0|| 0|| 0|| 0|| 0|| 0|| 0|| 0|| 0|| 0|| 0|| 0|| 0|| 0|| 0|| 0|| 0|| 0|| 0|| 0|| 0|| 0|| 0|| 0|| 0|| 0|| 0|| 0|| 0|| 0|| 0|| 0|| 0|| 0|| 0|| 0|| 0|| 0|| 0|| 0|| 0|| 0|| 0|| 0|| 0|| 0|| 0|| 0|| 0|| 0|| 0|| 0|| 0|| 0|| 0|| 0|| 0|| 0|| 0|| 0|| 0|| 0|| 0|| 0|| 0|| 0|| 0|| 0|| 0|| 0|| 0|| 0|| 0|| 0|| 0|| 0|| 0|| 0|| 0|| 0|| 0|| 0|| 0|| 0|| 0|| 0|| 0|| 0|| 0|| 0|| 0|| 0|| 0|| 0|| 0|| 0|| 0|| 0|| 0|| 0|| 0|| 0|| 0|| 0|| 0|| 0|| 0|| 0|| 0|| 0|| 0|| 0|| 0|| 0|| 0|| 0|| 0|| 0|| 0|| 0|| 0|| 0|| 0|| 0|| 0|| 0|| 0|| 0|| 0|| 0|| 0|| 0|| 0|| 0|| 0|| 0|| 0|| 0|| 0|| 0|| 0|| 0|| 0|| 0|| 0|| 0|| 0|| 0|| 0|| 0|| 0|| 0|| 0|| 0|| 0|| 0|| 0|| 0|| 0|| 0|| 0|| 0|| 0|| 0|| 0|| 0|| 0|| 0|| 0|| 0|| 0|| 0|| 0|| 0|| 0|| 0|| 0|| 0|| 0|| 0|| 0|| 0|| 0|| 0|| 0|| 0|| 0|| 0|| 0|| 0|| 0|| 0|| 0|| 0|| 0|| 0|| 0|| 0|| 0|| 0|| 0|| 0|| 0|| 0|| 0|| 0|| 0|| 0|| 0|| 0|| 0|| 0|| 0|| 0|| 0|| 0|| 0|| 0|| 0|| 0|| 0|| 0|| 0|| 0|| 0|| 0|| 0|| 0|| 0|| 0|| 0|| 0|| 0|| 0|| 0|| 0|| 0|| 0|| 0|| 0|| 0|| 0|| 0|| 0|| 0|| 0|| 0|| 0|| 0|| 0|| 0|| 0|| 0|| 0|| 0|| 0|| 0|| 0|| 0|| 0|| 0|| 0|| 0|| 0|| 0|| 0|| 0|| 0|| 0|| 0|| 0|| 0|| 0|| 0|| 0|| 0|| 0|| 0|| 0|| 0|| 0|| 0|| 0|| 0|| 0|| 0|| 0|| 0|| 0|| 0|| 0|| 0|| 0|| 0|| 0|| 0|| 0|| 0|| 0|| 0|| 0|| 0|| 0|| 0|| 0|| 0|| 0|| 0|| 0|| 0|| 0|| 0|| 0|| 0|| 0|| 0|| 0|| 0|| 0|| 0|| 0|| 0|| 0|| 0|| 0|| 0|| 0|| 0|| 0|| 0|| 0|| 0|| 0|| 0|| 0|| 0|| 0|| 0|| 0|| 0|| 0|| 0|| 0|| 0|| 0|| 0|| 0|| 0|| 0|| 0|| 0|| 0|| 0|| 0|| 0|| 0|| 0|| 0|| 0|| 0|| 0|| 0|| 0|| 0|| 0|| 0|| 0|| 0|| 0|| 0|| 0|| 0|| 0|| 0|| 0|| 0|| 0|| 0|| 0|| 0|| 0|| 0|| 0|| 0|| 0|| 0|| 0|| 0|| 0|| 0|| 0|| 0|| 0|| 0|| 0|| 0|| 0|| 0|| 0|| 0|| 0|| 0|| 0|| 0|| 0|| 0|| 0|| 0|| 0|| 0|| 0|| 0|| 0|| 0|| 0|| 0|| 0|| 0|| 0|| 0|| 0|| 0|| 0|| 0|| 0|| 0|| 0|| 0|| 0|| 0|| 0|| 0|| 0|| 0|| 0|| 0|| 0|| 0|| 0|| 0|| 0|| 0|| 0|| 0|| 0|| 0|| 0|| 0|| 0|| 0|| 0|| 0|| 0|| 0|| 0|| 0|| 0|| 0|| 0|| 0|| 0|| 0|| 0|| 0|| 0|| 0|| 0|| 0|| 0|| 0|| 0|| 0|| 0|| 0|| 0|| 0|| 0|| 0|| 0|| 0|| 0|| 0|| 0|| 0|| 0|| 0|| 0|| 0|| 0|| 0|| 0|| 0|| 0|| 0|| 0|| 0|| 0|| 0|| 0|| 0|| 0|| 0|| 0|| 0|| 0|| 0|| 0|| 0|| 0|| 0|| 0|| 0|| 0|| 0|| 0|| 0|| 0|| 0|| 0|| 0|| 0|| 0|| 0|| 0|| 0|| 0|| 0|| 0|| 0|| 0|| 0|| 0|| 0|| 0|| 0|| 0|| 0|| 0|| 0|| 0|| 0|| 0|| 0|| 0|| 0|| 0|| 0|| 0|| 0|| 0|| 0|| 0|| 0|| 0|| 0|| 0|| 0|| 0|| 0|| 0|| 0|| 0|| 0|| 0|| 0|| 0|| 0|| 0|| 0|| 0|| 0|| 0|| 0|| 0|| 0|| 0|| 0|| 0|| 0|| 0|| 0|| 0|| 0|| 0|| 0|| 0|| 0|| 0|| 0|| 0|| 0|| 0|| 0|| 0|| 0|| 0|| 0|| 0|| 0|| 0|| 0|| 0|| 0|| 0|| 0|| 0|| 0|| 0|| 0|| 0|| 0|| 0|| 0|| 0|| 0|| 0|| 0|| 0|| 0|| 0|| 0|| 0|| 0|| 0|| 0|| 0|| 0|| 0|| 0|| 0|| 0|| 0|| 0|| 0|| 0|| 0|| 0|| 0|| 0|| 0|| 0|| 0|| 0|| 0|| 0|| 0|| 0|| 0|| 0|| 0|| 0|| 0|| 0|| 0|| 0|| 0|| 0|| 0|| 0|| 0|| 0|| 0|| 0|| 0|| 0|| 0|| 0|| 0|| 0|| 0|| 0|| 0|| 0|| 0|| 0|| 0|| 0|| 0|| 0|| 0|| 0|| 0|| 0|| 0|| 0|| 0|| 0|| 0|| 0|| 0|| 0|| 0|| 0|| 0|| 0|| 0|| 0|| 0|| 0|| 0|| 0|| 0|| 0|| 0|| 0|| 0|| 0|| 0|| 0|| 0|| 0|| 0|| 0|| 0|| 0|| 0|| 0|| 0|| 0|| 0|| 0|| 0|| 0|| 0|| 0|| 0|| 0|| 0|| 0|| 0|| 0|| 0|| 0|| 0|| 0|| 0|| 0|| 0|| 0|| 0|| 0|| 0|| 0|| 0|| 0|| 0|| 0|| 0|| 0|| 0|| 0|| 0|| 0|| 0|| 0|| 0|| 0|| 0|| 0|| 0|| 0|| 0|| 0|| 0|| 0|| 0|| 0|| 0|| 0|| 0|| 0|| 0|| 0|| 0|| 0|| 0|| 0|| 0|| 0|| 0|| 0|| 0|| 0|| 0|| 0|| 0|| 0|| 0|| 0|| 0|| 0|| 0|| 0|| 0|| 0|| 0|| 0|| 0|| 0|| 0|| 0|| 0|| 0|| 0|| 0|| 0|| 0|| 0|| 0|| 0|| 0|| 0|| 0|| 0|| 0|| 0|| 0|| 0|| 0|| 0|| 0|| 0|| 0|| 0|| 0|| 0|| 0|| 0|| 0|| 0|| 0|| 0|| 0|| 0|| 0|| 0|| 0|| 0|| 0|| 0|| 0|| 0|| 0|| 0|| 0|| 0|| 0|| 0|| 0|| 0|| 0|| 0|| 0|| 0|| 0|| 0|| 0|| 0|| 0|| 0|| 0|| 0|| 0|| 0|| 0|| 0|| 0|| 0|| 0|| 0|| 0|| 0|| 0|| 0|| 0|| 0|| 0|| 0|| 0|| 0|| 0|| 0|| 0|| 0|| 0|| 0|| 0|| 0|| 0|| 0|| 0|| 0|| 0|| 0|| 0|| 0|| 0|| 0|| 0|| 0|| 0|| 0|| 0|| 0|| 0|| 0|| 0|| 0|| 0|| 0|| 0|| 0|| 0|| 0|| 0|| 0|| 0|| 0|| 0|| 0|| 0|| 0|| 0|| 0|| 0|| 0|| 0|| 0|| 0|| 0|| 0|| 0|| 0|| 0|| 0|| 0|| 0|| 0|| 0|| 0|| 0|| 0|| 0|| 0|| 0|| 0|| 0|| 0|| 0|| 0|| 0|| 0|| 0|| 0|| 0|| 0|| 0|| 0|| 0|| 0|| 0|| 0|| 0|| 0|| 0|| 0|| 0|| 0|| 0|| 0|| 0|| 0|| 0|| 0|| 0|| 0|| 0|| 0|| 0|| 0|| 0|| 0|| 0|| 0|| 0|| 0|| 0|| 0|| 0|| 0|| 0|| 0|| 0|| 0|| 0|| 0|| 0|| 0|| 0|| 0|| 0|| 0|| 0|| 0|| 0|| 0|| 0|| 0|| 0|| 0|| 0|| 0|| 0|| 0|| 0|| 0|| 0|| 0|| 0|| 0|| 0|| 0|| 0|| 0|| 0|| 0|| 0|| 0|| 0|| 0|| 0|| 0|| 0|| 0|| 0|| 0|| 0|| 0|| 0|| 0|| 0|| 0|| 0|| 0|| 0|| 0|| 0|| 0|| 0|| 0|| 0|| 0|| 0|| 0|| 0|| 0|| 0|| 0|| 0|| 0|| 0|| 0|| 0|| 0|| 0|| 0|| 0|| 0|| 0|| 0|| 0|| 0|| 0|| 0|| 0|| 0|| 0|| 0|| 0|| 0|| 0|| 0|| 0|| 0|| 0|| 0|| 0|| 0|| 0|| 0|| 0|| 0|| 0|| 0|| 0|| 0|| 0|| 0|| 0|| 0|| 0|| 0|| 0|| 0|| 0|| 0|| 0|| 0|| 0|| 0|| 0|| 0|| 0|| 0|| 0|| 0|| 0|| 0|| 0|| 0|| 0|| 0|| 0|| 0|| 0|| 0|| 0|| 0|| 0|| 0|| 0|| 0|| 0|| 0|| 0|| 0|| 0|| 0|| 0|| 0|| 0|| 0|| 0|| 0|| 0|| 0|| 0|| 0|| 0|| 0|| 0|| 0|| 0|| 0|| 0|| 0|| 0|| 0|| 0|| 0|| 0|| 0|| 0|| 0|| 0|| 0|| 0|| 0|| 0|| 0|| 0|| 0|| 0|| 0|| 0|| 0|| 0|| 0|| 0|| 0|| 0|| 0|| 0|| 0|| 0|| 0|| 0|| 0|| 0|| 0|| 0|| 0|| 0|| 0|| 0|| 0|| 0|| 0|| 0|| 0|| 0|| 0|| 0|| 0|| 0|| 0|| 0|| 0|| 0|| 0|| 0|| 0|| 0|| 0|| 0|| 0|| 0|| 0|| 0|| 0|| 0|| 0|| 0|| 0|| 0|| 0|| 0|| 0|| 0|| 0|| 0|| 0|| 0|| 0|| 0|| 0|| 0|| 0|| 0|| 0|| 0|| 0|| 0|| 0|| 0|| 0|| 0|| 0|| 0|| 0|| 0|| 0|| 0|| 0|| 0|| 0|| 0|| 0|| 0|| 0|| 0|| 0|| 0|| 0|| 0|| 0|| 0|| 0|| 0|| 0|| 0|| 0|| 0|| 0|| 0|| 0|| 0|| 0|| 0|| 0|| 0|| 0|| 0|| 0|| 0|| 0|| 0|| 0|| 0|| 0|| 0|| 0|| 0|| 0|| 0|| 0|| 0|| 0|| 0|| 0|| 0|| 0|| 0|| 0|| 0|| 0|| 0|| 0|| 0|| 0|| 0|| 0|| 0|| 0|| 0|| 0|| 0|| 0|| 0|| 0|| 0|| 0|| 0|| 0|| 0|| 0|| 0|| 0|| 0|| 0|| 0|| 0|| 0|| 0|| 0|| 0|| 0|| 0|| 0|| 0|| 0|| 0|| 0|| 0|| 0|| 0|| 0|| 0|| 0|| 0|| 0|| 0|| 0|| 0|| 0|| 0|| 0|| 0|| 0|| 0|| 0|| 0|| 0|| 0|| 0|| 0|| 0|| 0|| 0|| 0|| 0|| 0|| 0|| 0|| 0|| 0|| 0|| 0|| 0|| 0|| 0|| 0|| 0|| 0|| 0|| 0|| 0|| 0|| 0|| 0|| 0|| 0|| 0|| 0|| 0|| 0|| 0|| 0|| 0|| 0|| 0|| 0|| 0|| 0|| 0|| 0|| 0|| 0|| 0|| 0|| 0|| 0|| 0|| 0|| 0|| 0|| 0|| 0|| 0|| 0|| 0|| 0|| 0|| 0|| 0|| 0|| 0|| 0|| 0|| 0|| 0|| 0|| 0|| 0|| 0|| 0|| 0|| 0|| 0|| 0|| 0|| 0|| 0|| 0|| 0|| 0|| 0|| 0|| 0|| 0|| 0|| 0|| 0|| 0|| 0|| 0|| 0|| 0|| 0|| 0|| 0|| 0|| 0|| 0|| 0|| 0|| 0|| 0|| 0|| 0|| 0|| 0|| 0|| 0|| 0|| 0|| 0|| 0|| 0|| 0|| 0|| 0|| 0|| 0|| 0|| 0|| 0|| 0|| 0|| 0|| 0|| 0|| 0|| 0|| 0|| 0|| 0|| 0|| 0|| 0|| 0|| 0|| 0|| 0|| 0|| 0|| 0|| 0|| 0|| 0|| 0|| 0|| 0|| 0|| 0|| 
0 || 0 || 1 || 0 || 0 || 0 || 0 || 0 || 0 || 0 || 0 || 0 || 0 || 0 || 0 || 0 || 0 || 0 || 0 || 0 || 0 || 0 || 0 || 0 || 0 || 0 || 0 || 0 || 0 || 0 || 0 || 0 || 0 || 0 || 0 || 0 || 0 || 0 || 0 || 0 || 0 || 0 || 0 || 0 || 0 || 0 || 0 || 0 || 0 || 0 || 0 || 0 || 0 || 0 || 0 || 0 || 0 || 0 || 0 || 0 || 0 || 0 || 0 || 0 || 0 || 0 || 0 || 0 || 0 || 0 || 0 || 0 || 0 || 0 || 0 || 0 || 0 || 0 || 0 || 0 || 0 || 0 || 0 || 0 || 0 || 0 || 0 || 0 || 0 || 0 || 0 || 0 || 0 || 0 || 0 || 0 || 0 || 0 || 0 || 0 || 0 || 0 || 0 || 0 || 0 || 0 || 0 || 0 || 0 || 0 || 0 || 0 || 0 || 0 || 0 || 0 || 0 || 0 || 0 || 0 || 0 || 0 || 0 || 0 || 0 || 0 || 0 || 0 || 0 || 0 || 0 || 0 || 0 || 0 || 0 || 0 || 0 || 0 || 0 || 0 || 0 || 0 || 0 || 0 || 0 || 0 || 0 || 0 || 0 || 0 || 0 || 0 || 0 || 0 || 0 || 0 || 0 || 0 || 0 || 0 || 1 || 0 || 0 || 0 || 0 || 0 || 0 || 0 || 0 || 0 || 0 || 0 || 0 || 0 || 0 || 0 || 0 || 0 || 0 || 0 || 0 || 0 || 0 || 0 || 0 || 0 || 0 || 0 || 0 || 0 || 0 || 0 || 0 || 0 || 0 || 0 || 0 || 0 || 0 || 0 || 0 || 0 || 0 || 0 || 0 || 0 || 0 || 0 || 0 || 0 || 0 || 0 || 0 || 0 || 0 || 0 || 0 || 0 || 0 || 0 || 0 || 0 || 0 || 0 || 0 || 0 || 0 || 0 || 0 || 0 || 0 || 0 || 0 || 0 || 0 || 0 || 0 || 0 || 0 || 0 || 0 || 0 || 0 || 0 || 0 || 0 || 0 || 0 || 0 || 0 || 0 || 0 || 0 || 0 || 0 || 0 || 0 || 0 || 0 || 0 || 0 || 0 || 0 || 0 || 0 || 0 || 0 || 0 || 0 || 0 || 0 || 0 || 0 || 0 || 0 || 0 || 0 || 0 || 0 || 0 || 0 || 0 || 0 || 0 || 0 || 0 || 0 || 0 || 0 || 0 || 0 || 0 || 0 || 0 || 0 || 0 || 0 || 0 || 0 || 0 || 0 || 0 || 0 || 0 || 0 || 0 || 0 || 0 || 0 || 0 || 0 || 0 || 0 || 0 || 0 || 0 || 0 || 0 || 0 || 0 || 0 || 0 || 0 || 0 || 0 || 0 || 0 || 0 || 0 || 0 || 0 || 0 || 0 || 0 || 0 || 0 || 0 || 0 || 0 || 0 || 0 || 0 || 0 || 0 || 0 || 0 || 0 || 0 || 0 || 0 || 0 || 0 || 0 || 0 || 0 || 0 || 0 || 0 || 0 || 0 || 0 || 0 || 0 || 0 || 0 || 0 || 0 || 0 || 0 || 0 || 1 || 0 || 0 || 0 || 0 || 0 || 0 || 0 || 0 || 0 || 0 || 0 || 0 || 0 || 0 || 0 || 0 || 0 || 0 || 0 || 0 || 0 || 0 || 0 || 0 || 0 || 0 || 0 || 0 || 0 || 0 || 0 || 0 || 0 || 0 || 0 || 0 || 0 || 0 || 0 || 0 || 0 || 0 || 0 || 0 || 0 || 0 || 0 || 0 || 0 || 0 || 0 || 0 || 0 || 0 || 0 || 0 || 0 || 0 || 0 || 0 || 0 || 0 || 0 || 0 || 0 || 0 || 0 || 0 || 0 || 0 || 0 || 0 || 0 || 0 || 0 || 0 || 0 || 0 || 0 || 0 || 0 || 0 || 0 || 0 || 0 || 0 || 0 || 0 || 0 || 0 || 0 || 0 || 0 || 0 || 0 || 0 || 0 || 0 || 0 || 0 || 0 || 0 || 0 || 0 || 0 || 0 || 0 || 0 || 0 || 0 || 0 || 0 || 0 || 0 || 0 || 0 || 0 || 0 || 0 || 0 || 0 || 0 || 0 || 0 || 0 || 0 || 0 || 0 || 0 || 0 || 0 || 0 || 0 || 0 || 0 || 0 || 0 || 0 || 0 || 0 || 0 || 0 || 0 || 0 || 0 || 0 || 0 || 0 || 0 || 0 || 0 || 0 || 0 || 0 || 0 || 0 || 0 || 0 || 0 || 0 || 0 || 0 || 0 || 0 || 0 || 0 || 0 || 0 || 0 || 0 || 0 || 0 || 0 || 0 || 0 || 0 || 0 || 0 || 0 || 0 || 0 || 0 || 0 || 0 || 0 || 0 || 0 || 0 || 0 || 0 || 0 || 0 || 0 || 0 || 0 || 0 || 0 || 0 || 0 || 0 || 0 || 0 || 0 || 0 || 0 || 0 || 0 || 0 || 0 || 0 || 0 || 0 || 0 || 0 || 0 || 0 || 0 || 0 || 0 || 0 || 0 || 0 || 0 || 0 || 0 || 0 || 0 || 0 || 0 || 0 || 0 || 0 || 0 || 0 || 0 || 0 || 0 || 0 || 0 || 0 || 0 || 0 || 0 || 0 || 0 || 0 || 0 || 0 || 0 || 0 || 0 || 0 || 0 || 0 || 0 || 0 || 0 || 0 || 0 || 0 || 0 || 0 || 0 || 0 || 0 || 0 || 0 || 0 || 0 || 0 || 0 || 0 || 0 || 0 || 0 || 0 || 0 || 0 || 0 || 0 || 0 || 0 || 0 || 0 || 0 || 0 || 0 || 0 || 0 || 0 || 0 || 0 || 0 || 0 || 0 || 0 || 0 || 0 || 0 || 0 || 0 || 0 || 0 || 0 || 0 || 0 || 0 || 0 || 0 || 0 || 0 || 0 || 0 || 0 || 0 || 0 || 0 || 0 || 0 || 0 || 0 || 0 || 0 || 0 || 0 || 0 || 0 || 0 || 0 || 0 || 0 || 0 || 0 || 0 || 0 || 0 || 0 || 0 || 0 || 0 || 0 || 0 || 0 || 0 || 0 || 0 || 0 || 0 || 0 || 0 || 0 || 0 || 0 || 0 || 0 || 0 || 0 || 0 || 0 || 0 || 0 || 0 || 0 || 0 || 0 || 0 || 0 || 0 || 0 || 0 || 0 || 0 || 0 || 0 || 0 || 0 || 0 || 0 || 0 || 0 || 0 || 0 || 0 || 0 || 0 || 0 || 0 || 0 || 0 || 0 || 0 || 0 || 0 || 0 || 0 || 0 || 0 || 0 || 0 || 0 || 0 || 0 || 0 || 0 || 0 || 0 || 0 || 0 || 0 || 0 || 0 || 0 || 0 || 0 || 0 || 0 || 0 || 0 || 0 || 0 || 0 || 0 || 0 || 0 || 0 || 0 || 0 || 0 || 0 || 0 || 0 || 0 || 0 || 0 || 0 || 0 || 0 || 0 || 0 || 0 || 0 || 0 || 0 || 0 || 0 || 0 || 0 || 0 || 0 || 0 || 0 || 0 || 0 || 0 || 0 || 0 || 0 || 0 || 0 || 0 || 0 || 0 || 0 || 0 || 0 || 0 || 0 || 0 || 0 || 0 || 0 || 0 || 0 || 0 || 0 || 0 || 0 || 0 || 0 || 0 || 0 || 0 || 0 || 0 || 0 || 0 || 0 || 0 || 0 || 0 || 0 || 0 || 0 || 0 || 0 || 0 || 0 || 0 || 0 || 0 || 0 || 0 || 0 || 0 || 0 || 0 || 0 || 0 || 0 || 0 || 0 || 0 || 0 || 0 || 0 || 0 || 0 || 0 || 0 || 0 || 0 || 0 || 0 || 0 || 0 || 0 || 0 || 0 || 0 || 0 || 0 || 0 || 0 || 0 || 0 || 0 || 0 || 0 || 0 || 0 || 0 || 0 || 0 || 0 || 0 || 0 || 0 || 0 || 0 || 0 || 0 || 0 || 0 || 0 || 0 || 0 || 0 || 0 || 0 || 0 || 0 || 0 || 0 || 0 || 0 || 0 || 0 || 0 || 0 || 0 || 0 || 0 || 0 || 0 || 0 || 0 || 0 || 0 || 0 || 0 || 0 || 0 || 0 || 0 || 0 || 0 || 0 || 0 || 0 || 0 || 0 || 0 || 0 || 0 || 0 || 0 || 0 || 0 || 0 || 0 || 0 || 0 || 0 || 0 || 0 || 0 || 0 || 0 || 0 || 0 || 0 || 0 || 0 || 0 || 0 || 0 || 0 || 0 || 0 || 0 || 0 || 0 || 0 || 0 || 0 || 0 || 0 || 0 || 0 || 0 || 0 || 0 || 0 || 0 || 0 || 0 || 0 || 0 || 0 || 0 || 0 || 0 || 0 || 0 || 0 || 0 || 0 || 0 || 0 || 0 || 0 || 0 || 0 || 0 || 0 || 0 || 0 || 0 || 0 || 0 || 0 || 0 || 0 || 0 || 0 || 0 || 0 || 0 || 0 || 0 || 0 || 0 || 0 || 0 || 0 || 0 || 0 || 0 || 0 || 0 || 0 || 0 || 0 || 0 || 0 || 0 || 0 || 0 || 0 || 0 || 0 || 0 || 0 || 0 || 0 || 0 || 0 || 0 || 0 || 0 || 0 || 0 || 0 || 0 || 0 || 0 || 0 || 0 || 0 || 0 || 0 || 0 || 0 || 0 || 0 || 0 || 0 || 0 || 0 || 0 || 0 || 0 || 0 || 0 || 0 || 0 || 0 || 0 || 0 || 0 || 0 || 0 || 0 || 0 || 0 || 0 || 0 || 0 || 0 || 0 || 0 || 0 || 0 || 0 || 0 || 0 || 0 || 0 || 0 || 0 || 0 || 0 || 0 || 0 || 0 || 0 || 0 || 0 || 0 || 0 || 0 || 0 || 0 || 0 || 0 || 0 || 0 || 0 || 0 || 0 || 0 || 0 || 0 || 0 || 0 || 0 || 0 || 0 || 0 || 0 || 0 || 0 || 0 || 0 || 0 || 0 || 0 || 0 || 0 || 0 || 0 || 0 || 0 || 0 || 0 || 0 || 0 || 0 || 0 || 0 || 0 || 0 || 0 || 0 || 0 || 0 || 0 || 0 || 0 || 0 || 0 || 0 || 0 || 0 || 0 || 0 || 0 || 0 || 0 || 0 || 0 || 0 || 0 || 0 || 0 || 0 || 0 || 0 || 0 || 0 || 0 || 0 || 0 || 0 || 0 || 0 || 0 || 0 || 0 || 0 || 0 || 0 || 0 || 0 || 0 || 0 || 0 || 0 || 0 || 0 || 0 || 0 || 0 || 0 || 0 || 0 || 0 || 0 || 0 || 0 || 0 || 0 || 0 || 0 || 0 || 0 || 0 || 0 || 0 || 0 || 0 || 0 || 0 || 0 || 0 || 0 || 0 || 0 || 0 || 0 || 0 || 0 || 0 || 0 || 0 || 0 || 0 || 0 || 0 || 0 || 0 || 0 || 0 || 0 || 0 || 0 || 0 || 0 || 0 || 0 || 0 || 0 || 0 || 0 || 0 || 0 || 0 || 0 || 0 || 0 || 0 || 0 || 0 || 0 || 0 || 0 || 0 || 0 || 0 || 0 || 0 || 0 || 0 || 0 || 0 || 0 || 0 || 0 || 0 || 0 || 0 || 0 || 0 || 0 || 0 || 0 || 0 || 0 || 0 || 0 || 0 || 0 || 0 || 0 || 0 || 0 || 0 || 0 || 0 || 0 || 0 || 0 || 0 || 0 || 0 || 0 || 0 || 0 || 0 || 0 || 0 || 0 || 0 || 0 || 0 || 0 || 0 || 0 || 0 || 0 || 0 || 0 || 0 || 0 || 0 || 0 || 0 || 0 || 0 || 0 || 0 || 0 || 0 || 0 || 0 || 0 || 0 || 0 || 0 || 0 || 0 || 0 || 0 || 0 || 0 || 0 || 0 || 0 || 0 || 0 || 0 || 0 || 0 || 0 || 0 || 0 || 0 || 0 || 0 || 0 || 0 || 0 || 0 || 0 || 0 || 0 || 0 || 0 || 0 || 0 || 0 || 0 || 0 || 0 || 0 || 0 || 0 || 0 || 0 || 0 || 0 || 0 || 0 || 0 || 0 || 0 || 0 || 0 || 0 || 0 || 0 || 0 || 0 || 0 || 0 || 0 || 0 || 0 || 0 || 0 || 0 || 0 || 0 || 0 || 0 || 0 || 0 || 0 || 0 || 0 || 0 || 0 || 0 || 0 || 0 || 0 || 0 || 0 || 0 || 0 || 0 || 0 || 0 || 0 || 0 || 0 || 0 || 0 || 0 || 0 || 0 || 0 || 0 || 0 || 0 || 0 || 0 || 0 || 0 || 0 || 0 || 0 || 0 || 0 || 0 || 0 || 0 || 0 || 0 || 0 || 0 || 0 || 0 || 0 || 0 || 0 || 0 || 0 || 0 || 0 || 0 || 0 || 0 || 0 || 0 || 0 || 0 || 0 || 0 || 0 || 0 || 0 || 0 || 0 || 0 || 0 || 0 || 0 || 0 || 0 || 0 || 0 || 0 || 0 || 0 || 0 || 0 || 0 || 0 || 0 || 0 || 0 || 0 || 0 || 0 || 0 || 0 || 0 || 0 || 0 || 0 || 0 || 0 || 0 || 0 || 0 || 0 || 0 || 0 || 0 || 0 || 0 || 0 || 0 || 0 || 0 || 0 || 0 || 0 || 0 || 0 || 0 || 0 || 0 || 0 || 0 || 0 || 0 || 0 || 0 || 0 || 0 || 0 || 0 || 0 || 0 || 0 || 0 || 0 || 0 || 0 || 0 || 0 || 0 || 0 || 0 || 0 || 0 || 0 || 0 || 0 || 0 || 0 || 0 || 0 || 0 || 0 || 0 || 0 || 0 || 0 || 0 || 0 || 0 || 0 || 0 || 0 || 0 || 0 || 0 || 0 || 0 || 0 || 0 || 0 || 0 || 0 || 0 || 0 || 0 || 0 || 0 || 0 || 0 || 0 || 0 || 0 || 0 || 0 || 0 || 0 || 0 || 0 || 0 || 0 || 0 || 0 || 0 || 0 || 0 || 0 || 0 || 0 || 0 || 0 || 0 || 0 || 0 || 0 || 0 || 0 || 0 || 0 || 0 || 0 || 0 || 0 || 0 || 0 || 0 || 0 || 0 || 0 || 0 || 0 || 0 || 0 || 0 || 0 || 0 || 0 || 0 || 0 || 0 || 0 || 0 || 0 || 0 || 0 || 0 || 0 || 0 || 0 || 0 || 0 || 0 || 0 || 0 || 0 || 0 || 0 || 0 || 0 || 0 || 0 || 0 || 0 || 0 || 0 || 0 || 0 || 0 || 0 || 0 || 0 || 0 || 0 || 0 || 0 || 0 || 0 || 0 || 0 || 0 || 0 || 0 || 0 || 0 || 0 || 0 || 0 || 0 || 0 || 0 || 0 || 0 || 0 || 0 || 0 || 0 || 0 || 0 || 0 || 0 || 0 || 0 || 0 || 0 || 0 || 0 || 0 || 0 || 0 || 0 || 0 || 0 || 0 || 0 || 0 || 0 || 0 || 0 || 0 || 0 || 0 || 0 || 0 || 0 || 0 || 0 || 0 || 0 || 0 || 0 || 0 || 0 || 0 || 0 || 0 || 0 || 0 || 0 || 0 || 0 || 0 || 0 || 0 || 0 || 0 || 0 || 0 || 0 || 0 || 0 || 0 || 0 || 0 || 0 || 0 || 0 || 0 || 0 || 0 || 0 || 0 || 0 || 0 || 0 || 0 || 0 || 0 || 0 || 0 || 0 || 0 || 0 || 0 || 0 || 0 || 0 || 0 || 0 || 0 || 0 || 0 || 0 || 0 || 0 || 0 || 0 || 0 || 0 || 0 || 0 || 0 || 0 || 0 || 0 || 0 || 0 || 0 || 0 || 0 || 0 || 0 || 0 || 0 || 0 || 0 || 0 || 0 || 0 || 0 || 0 || 0 || 0 || 0 || 0 || 0 || 0 || 0 || 0 || 0 || 0 || 0 || 0 || 0 || 0 || 0 || 0 || 0 || 0 || 0 || 0 || 0 || 0 || 0 || 0 || 0 || 0 || 0 || 0 || 0 || 0 || 0 || 0 || 0 || 0 || 0 || 0 || 0 || 0 || 0 || 0 || 0 || 0 || 0 || 0 || 0 || 0 || 0 || 0 || 0 || 0 || 0 || 0 || 0 || 0 || 0 || 0 || 0 || 0 || 0 || 0 || 0 || 0 || 0 || 0 || 0 || 0 || 0 || 0 || 0 || 0 || 0 || 0 || 0 || 0 || 0 || 0 || 0 || 0 || 0 || 0 || 0 || 0 || 0 || 0 || 0 || 0 || 0 || 0 || 0 || 0 || 0 || 0 || 0 || 0 || 0 || 0 || 0 || 0 || 0 || 0 || 0 || 0 || 0 || 0 || 0 || 0 || 0 || 0 || 0 || 0 || 0 || 0 || 0 || 0 || 0 || 0 || 0 || 0 || 0 || 0 || 0 || 0 || 0 || 0 || 0 || 0 || 0 || 0 || 0 || 0 || 0 || 0 || 0 || 0 || 0 || 0 || 0 || 0 || 0 || 0 || 0 || 0 || 0 || 0 || 0 || 0 || 0 || 0 || 0 || 0 || 0 || 0 || 0 || 0 || 0 || 0 || 0 || 0 || 0 || 0 || 0 || 0 || 0 || 0 || 0 || 0 || 0 || 0 || 0 || 0 || 0 || 0 || 0 || 0 || 0 || 0 || 0 || 0 || 0 || 0 || 0 || 0 || 0 || 0 || 0 || 0 || 0 || 0 || 0 || 0 || 0 || 0 || 0 || 0 || 0 || 0 || 0 || 0 || 0 || 0 || 0 || 0 || 0 || 0 || 0 || 0 || 0 || 0 || 0 || 0 || 0 || 0 || 0 || 0 || 0 || 0 || 0 || 0 || 0 || 0 || 0 || 0 || 0 || 0 || 0 || 0 || 0 || 0 || 0 || 0 || 0 || 0 || 0 || 0 || 0 || 0 || 0 || 0 || 0 || 0 || 0 || 0 || 0 || 0 || 0 || 0 || 0 || 0 || 0 || 0 || 0 || 0 || 0 || 0 || 0 || 0 || 0 || 0 || 0 || 0 || 0 || 0 || 0 || 0 || 0 || 0 || 0 || 0 || 0 || 0 || 0 || 0 || 0 || 0 || 0 || 0 || 0 || 0 || 0 || 0 || 0 || 0 || 0 || 0 || 0 || 0 || 0 || 0 || 0 || 0 || 0 || 0 || 0 || 0 || 0 || 0 || 0 || 0 || 0 || 0 || 0 || 0 || 0 || 0 || 0 || 0 || 0 || 0 || 0 || 0 || 0 || 0 || 0 || 0 || 0 || 0 || 0 || 0 || 0 || 0 || 0 || 0 || 0 || 0 || 0 || 0 || 0 || 0 || 0 || 0 || 0 || 0 || 0 || 0 || 0 || 0 || 0 || 0 || 0 || 0 || 0 || 0 || 0 || 0 || 0 || 0 || 0 || 0 || 0 || 0 || 0 || 0 || 0 || 0 || 0 || 0 || 0 || 0 || 0 || 0 || 0 || 0 || 0 || 0 || 0 || 0 || 0 || 0 || 0 || 0 || 0 || 0 || 0 || 0 || 0 || 0 || 0 || 0 || 0 || 0 || 0 || 0 || 0 || 0 || 0 || 0 || 0 || 0 || 0 || 0 || 0 || 0 || 0 || 0 || 0 || 0 || 0 || 0 || 0 || 0 || 0 || 0 || 0 || 0 || 0 || 0 || 0 || 0 || 0 || 0 || 0 || 0 || 0 || 0 || 0 || 0 || 0 || 0 || 0 || 0 || 0 || 0 || 0 || 0 || 0 || 0 || 0 || 0 || 0 || 0 || 0 || 0 || 0 || 0 || 0 || 0 || 0 || 0 || 0 || 0 || 0 || 0 || 0 || 0 || 0 || 0 || 0 || 0 || 0 || 0 || 0 || 0 || 0 || 0 || 0 || 0 || 0 || 0 || 0 || 0 || 0 || 0 || 0 || 0 || 0 || 0 || 0 || 0 || 0 || 0 || 0 || 0 || 0 || 0 || 0 || 0 || 0 || 0 || 0 || 0 || 0 || 0 || 0 || 0 || 0 || 0 || 0 || 0 || 0 || 0 || 0 || 0 || 0 || 0 || 0 || 0 || 0 || 0 || 0 || 0 || 0 || 0 || 0 || 0 || 0 || 0 || 0 || 0 || 0 || 0 || 0 || 0 || 0 || 0 || 0 || 0 || 0 || 0 || 0 || 0 || 0 || 0 || 0 || 0 || 0 || 0 || 0 || 0 || 0 || 0 || 0 || 0 || 0 || 0 || 0 || 0 || 0 || 0 || 0 || 0 || 0 || 0 || 0 || 0 || 0 || 0 || 0 || 0 || 0 || 0 || 0 || 0 || 0 || 0 || 0 || 0 || 0 || 0 || 0 || 0 || 0 || 0 || 0 || 0 || 0 || 0 || 0 || 0 || 0 || 0 || 0 || 0 || 0 || 0 || 0 || 0 || 0 || 0 || 0 || 0 || 0 || 0 || 0 || 0 || 0 || 0 || 0 || 0 || 0 || 0 || 0 || 0 || 0 || 0 || 0 || 0 || 0 || 0 || 0 || 0 || 0 || 0 || 0 || 0 || 0 || 0 || 0 || 0 || 0 || 0 || 0 || 0 || 0 || 0 || 0 || 0 || 0 || 0 || 0 || 0 || 0 || 0 || 0 || 0 || 0 || 0 || 0 || 0 || 0 || 0 || 0 || 0 || 0 || 0 || 0 || 0 || 0 || 0 || 0 || 0 || 0 || 0 || 0 || 0 || 0 || 0 || 0 || 0 || 0 || 0 || 0 || 0 || 0 || 0 || 0 || 0 || 0 || 0 || 0 || 0 || 0 || 0 || 0 || 0 || 0 || 0 || 0 || 0 || 0 || 0 || 0 || 0 || 0 || 0 || 0 || 0 || 0 || 0 || 0 || 0 || 0 || 0 || 0 || 0 || 0 || 0 || 0 || 0 || 0 || 0 || 0 || 0 || 0 || 0 || 0 || 0 || 0 || 0 || 0 || 0 || 0 || 0 || 0 || 0 || 0 || 0 || 0 || 0 || 0 || 0 || 0 || 0 || 0 || 0 || 0 || 0 || 0 || 0 || 0 || 0 || 0 || 0 || 0 || 0 || 0 || 0 || 0 || 0 || 0 || 0 || 0 || 0 || 0 || 0 || 0 || 0 || 0 || 0 || 0 || 0 || 0 || 0 || 0 || 0 || 0 || 0 || 0 || 0 || 0 || 0 || 0 || 0 || 0 || 0 || 0 || 0 || 0 || 0 || 0 || 0 || 0 || 0 || 0 || 0 || 0 || 0 || 0 || 0 || 0 || 0 || 0 || 0 || 0 || 0 || 0 || 0 || 0 || 0 || 0 || 0 || 0 || 0 || 0 || 0 || 0 || 0 || 0 || 0 || 0 || 0 || 0 || 0 || 0 || 0 || 0 || 0 || 0 || 0 || 0 || 0 || 0 || 0 || 0 || 0 || 0 || 0 || 0 || 0 || 0 || 0 || 0 || 0 || 0 || 0 || 0 || 0 || 0 || 0 || 0 || 0 || 0 || 0 || 0 || 0 || 0 || 0 || 0 || 0 || 0 || 0 || 0 || 0 || 0 || 0 || 0 || 0 || 0 || 0 || 0 || 0 || 0 || 0 || 0 || 0 || 0 || 0 || 0 || 0 || 0 || 0 || 0 || 0 || 0 || 0 || 0 || 0 || 0 || 0 || 0 || 0 || 0 || 0 || 0 || 0 || 0 || 0 || 0 || 0 || 0 || 0 || 0 || 0 || 0 || 0 || 0 || 0 || 0 || 0 || 0 || 0 || 0 || 0 || 0 || 0 || 0 || 0 || 0 || 0 || 0 || 0 || 0 || 0 || 0 || 0 || 0 || 0 || 0 || 0 || 0 || 0 || 0 || 0 || 0 || 0 || 0 || 0 || 0 || 0 || 0 || 0 || 0 || 0 || 0 || 0 || 0 || 0 || 0 || 0 || 0 || 0 || 0 || 0 || 0 || 0 || 0 || 0 || 0 || 0 || 0 || 0 || 0 || 0 || 0 || 0 || 0 || 0 || 0 || 0 || 0 || 0 || 0 || 0 || 0 || 0 || 0 || 0 || 0 || 0 || 0 || 0 || 0 || 0 || 0 || 0 || 0 || 0 || 0 || 0 || 0 || 0 || 0 || 0 || 0 || 0 || 0 || 0 || 0 || 0 || 0 || 0 || 0 || 0 || 0 || 0 || 0 || 0 || 0 || 0 || 0 || 0 || 0 || 0 || 0 || 0 || 0 || 0 || 0 || 0 || 0 || 0 || 0 || 0 || 0 || 0 || 0 || 0 || 0 || 0 || 0 || 0 || 0 || 0 || 0 || 0 || 0 || 0 || 0 || 0 || 0 || 0 || 0 || 0 || 0 || 0 || 0 || 0 || 0 || 0 || 0 || 0 || 0 || 0 || 0 || 0 || 0 || 0 || 0 || 0 || 0 || 0 || 0 || 0 || 0 || 0 || 0 || 0 || 0 || 0 || 0 || 0 || 0 || 0 || 0 || 0 || 0 || 0 || 0 || 0 || 0 || 0 || 0 || 0 || 0 || 0 || 0 || 0 || 0 || 0 || 0 || 0 || 0 || 0 || 0 || 0 || 0 || 0 || 0 || 0 || 0 || 0 || 0 || 0 || 0 || 0 || 0 || 0 || 0 || 0 || 0 || 0 || 0 || 0 || 0 || 0 || 0 || 0 || 0 || 0 || 0 || 0 || 0 || 0 || 0 || 0 || 0 || 0 || 0 || 0 || 0 || 0 || 0 || 0 || 0 || 0 || 0 || 0 || 0 || 0 || 0 || 0 || 0 || 0 || 0 || 0 || 0 || 0 || 0 || 0 || 0 || 0 || 0 || 0 || 0 || 0 || 0 || 0 || 0 || 0 || 0 || 0 || 0 || 0 || 0 || 0 || 0 || 0 || 0 || 0 || 0 || 0 || 0 || 0 || 0 || 0 || 0 || 0 || 0 || 0 || 0 || 0 || 0 || 0 || 0 || 0 || 0 || 0 || 0 || 0 || 0 || 0 || 0 || 0 || 0 || 0 || 0 || 0 || 0 || 0 || 0 || 0 || 0 || 0 || 0 || 0 || 0 || 0 || 0 || 0 || 0 || 0 || 0 || 0 || 0 || 0 || 0 || 0 || 0 || 0 || 0 || 0 || 0 || 0 || 0 || 0 || 0 || 0 || 0 || 0 || 0 || 0 || 0 || 0 || 0 || 0 || 0 || 0 || 0 || 0 || 0 || 0 || 0 || 0 || 0 || 0 || 0 || 0 || 0 || 0 || 0 || 0 || 0 || 0 || 0 || 0 || 0 || 0 || 0 || 0 || 0 || 0 || 0 || 0 || 0 || 0 || 0 || 0 || 0 || 0 || 0 || 0 || 0 || 0 || 0 || 0 || 0 || 0 || 0 || 0 || 0 || 0 || 0 || 0 || 0 || 0 || 0 || 0 || 0 || 0 || 0 || 0 || 0 || 0 || 0 || 0 || 0 || 0 || 0 || 0 || 0 || 0 || 0 || 0 || 0 || 0 || 0 || 0 || 0 || 0 || 0 || 0 || 0 || 0 || 0 || 0 || 0 || 0 || 0 || 0 || 0 || 0 || 0 || 0 || 0 || 0 || 0 || 0 || 0 || 0 || 0 || 0 || 0 || 0 || 0 || 0 || 0 || 0 || 0 || 0 || 0 || 0 || 0 || 0 || 0 || 0 || 0 || 0 || 0 || 0 || 0 || 0 || 0 || 0 || 0 || 0 || 0 || 0 || 0 || 0 || 0 || 0 || 0 || 0 || 0 || 0 || 0 || 0 || 0 || 0 || 0 || 0 || 0 || 0 || 0 || 0 || 0 || 0 || 0 || 0 || 0 || 0 || 0 || 0 || 0 || 0 || 0 || 0 || 0 || 0 || 0 || 0 || 0 || 0 || 0 || 0 || 0 || 0 || 0 || 0 || 0 || 0 || 0 || 0 || 0 || 0 || 0 || 0 || 0 || 0 || 0 || 0 || 0 || 0 || 0 || 0 || 0 || 0 || 0 || 0 || 0 || 0 || 0 || 0 || 0 || 0 || 0 || 0 || 0 || 0 || 0 || 0 || 0 || 0 || 0 || 0 || 0 || 0 || 0 || 0 || 0 || 0 || 0 || 0 || 0 || 0 || 0 || 0 || 0 || 0 || 0 || 0 || 0 || 0 || 0 || 0 || 0 || 0 || 0 || 0 || 0 || 0 || 0 || 0 || 0 || 0 || 0 || 0 || 0 || 0 || 0 || 0 || 0 || 0 || 0 || 0 || 0 || 0 || 0 || 0 || 0 || 0 || 0 || 0 || 0 || 0 || 0 || 0 || 0 || 0 || 0 || 0 || 0 || 0 || 0 || 0 || 0 || 0 || 0 || 0 || 0 || 0 || 0 || 0 || 0 || 0 || 0 || 0 || 0 || 0 || 0 || 0 || 0 || 0 || 0 || 0 || 0 || 0 || 0 || 0 || 0 || 0 || 0 || 0 || 0 || 0 || 0 || 0 || 0 || 0 || 0 || 0 || 0 || 0 || 0 || 0 || 0 || 0 || 0 || 0 || 0 || 0 || 0 || 0 || 0 || 0 || 0 || 0 || 0 || 0 || 0 || 0 || 0 || 0 || 0 || 0 || 0 || 0 || 0 || 0 || 0 || 0 || 0 || 0 || 0 || 0 || 0 || 0 || 0 || 0 || 0 || 0 || 0 || 0 || 0 || 0 || 0 || 0 || 0 || 0 || 0 || 0 || 0 || 0 || 0 || 0 || 0 || 0 || 0 || 0 || 0 || 0 || 0 || 0 || 0 || 0 || 0 || 0 || 0 || 0 || 0 || 0 || 0 || 0 || 0 || 0 || 0 || 0 || 0 || 0 || 0 || 0 || 0 || 0 || 0 || 0 || 0 || 0 || 0 || 0 || 0 || 0 || 0 || 0 || 0 || 0 || 0 || 0 || 0 || 0 || 0 || 0 || 0 || 0 || 0 || 0 || 0 || 0 || 0 || 0 || 0 || 0 || 0 || 0 || 0 || 0 || 0 || 0 || 0 || 0 || 0 || 0 || 0 || 0 || 0 || 0 || 0 || 0 || 0 || 0 || 0 || 0 || 0 || 0 || 0 || 0 || 0 || 0 || 0 || 0 || 0 || 0 || 0 || 0 || 0 || 0 || 0 || 0 || 0 || 0 || 0 || 0 || 0 || 0 || 0 || 0 || 0 || 0 || 0 || 0 || 0 || 0 || 0 || 0 || 0 || 0 || 0 || 0 || 0 || 0 || 0 || 0 || 0 || 0 || 0 || 0 || 0 || 0 || 0 || 0 || 0 || 0 || 0 || 0 || 0 || 0 || 0 || 0 || 0 || 0 || 0 || 0 || 0 || 0 || 0 || 0 || 0 || 0 || 0 || 0 || 0 || 0 || 0 || 0 || 0 || 0 || 0 || 0 || 0 || 0 || 0 || 0 || 0 || 0 || 0 || 0 || 0 || 0 || 0 || 0 || 0 || 0 || 0 || 0 || 0 || 0 || 0 || 0 || 0 || 0 || 0 || 0 || 0 || 0 || 0 || 0 || 0 || 0 || 0 || 0 || 0 || 0 || 0 || 0 || 0 || 0 || 0 || 0 || 0 || 0 || 0 || 0 || 0 || 0 || 0 || 0 || 0 || 0 || 0 || 0 || 0 || 0 || 0 || 0 || 0 || 0 || 0 || 0 || 0 || 0 || 0 || 0 || 0 || 0 || 0 || 0 || 0 || 0 || 0 || 0 || 0 || 0 || 0 || 0 || 0 || 0 || 0 || 0 || 0 || 0 || 0 || 0 || 0 || 0 || 0 || 0 || 0 || 0 || 0 || 0 || 0 || 0 || 0 || 0 || 0 || 0 || 0 || 0 || 0 || 0 || 0 || 0 || 0 || 0 || 0 || 0 || 0 || 0 || 0 || 0 || 0 || 0 || 0 || 0 || 0 || 0 || 0 || 0 || 0 || 0 || 0 || 0 || 0 || 0 || 0 || 0 || 0 || 0 || 0 || 0 || 0 || 0 || 0 || 0 || 0 || 0 || 0 || 0 || 0 || 0 || 0 || 0 || 0 || 0 || 0 || 0 || 0 || 0 || 0 || 0 || 0 || 0 || 0 || 0 || 0 || 0 || 0 || 0 || 0 || 0 || 0 || 0 || 0 || 0 || 0 || 0 || 0 || 0 || 0 || 0 || 0 || 0 || 0 || 0 || 0 || 0 || 0 || 0 || 0 || 0 || 0 || 0 || 0 || 0 || 0 || 0 || 0 || 0 || 0 || 0 || 0 || 0 || 0 || 0 || 0 || 0 || 0 || 0 || 0 || 0 || 0 || 0 || 0 || 0 || 0 || 0 || 0 || 0 || 0 || 0 || 0 || 0 || 0 || 0 || 0 || 0 || 0 || 0 || 0 || 0 || 0 || 0 || 0 || 0 || 0 || 0 || 0 || 0 || 0 || 0 || 0 || 0 || 0 || 0 || 0 || 0 || 0 || 0 || 0 || 0 || 0 || 0 || 0 || 0 || 0 || 0 || 0 || 0 || 0 || 0 || 0 || 0 || 0 || 0 || 0 || 0 || 0 || 0 || 0 || 0 || 0 || 0 || 0 || 0 || 0 || 0 || 0 || 0 || 0 || 0 || 0 || 0 || 0 || 0 || 0 || 0 || 0 || 0 || 0 || 0 || 0 || 0 || 0 || 0 || 0 || 0 || 0 || 0 || 0 || 0 || 0 || 0 || 0 || 0 || 0 || 0 || 0 || 0 || 0 || 0 || 0 || 0 || 0 || 0 || 0 || 0 || 0 || 0 || 0 || 0 || 0 || 0 || 0 || 0 || 0 || 0 || 0 || 0 || 0 || 0 || 0 || 0 || 0 || 0 || 0 || 0 || 0 || 0 || 0 || 0 || 0 || 0 || 0 || 0 || 0 || 0 || 0 || 0 || 0 || 0 || 0 || 0 || 0 || 0 || 0 || 0 || 0 || 0 || 0 || 0 || 0 || 0 || 0 || 0 || 0 || 0 || 0 || 0 || 0 || 0 || 0 || 0 || 0 || 0 || 0 || 0 || 0 || 0 || 0 || 0 || 0 || 0 || 0 || 0 || 0 || 0 || 0 || 0 || 0 || 0 || 0 || 0 || 0 || 0 || 0 || 0 || 0 || 0 || 0 || 0 || 0 || 0 || 0 || 0 || 0 || 0 || 0 || 0 || 0 || 0 || 0 || 0 || 0 || 0 || 0 || 0 || 0 || 0 || 0 || 0 || 0 || 0 || 0 || 0 || 0 || 0 || 0 || 0 || 0 || 0 || 0 || 0 || 0 || 0 || 0 || 0 || 0 || 0 || 0 || 0 || 0 || 0 || 0 || 0 || 0 || 0 || 0 || 0 || 0 || 0 || 0 || 0 || 0 || 0 || 0 || 0 || 0 || 0 || 0 || 0 || 0 || 0 || 0 || 0 || 0 || 0 || 0 || 0 || 0 || 0 || 0 || 0 || 0 || 0 || 0 || 0 || 0 || 0 || 0 || 0 || 0 || 0 || 0 || 0 || 0 || 0 || 0 || 0 || 0 || 0 || 0 || 0 || 0 || 0 || 0 || 0 || 0 || 0 || 0 || 0 || 0 || 0 || 0 || 0 || 0 || 0 || 0 || 0 || 0 || 0 || 0 || 0 || 0 || 0 || 0 || 0 || 0 || 0 || 0 || 0 || 0 || 0 || 0 || 0 || 0 || 0 || 0 || 0 || 0 || 0 || 0 || 0 || 0 || 0 || 0 || 0 || 0 || 0 || 0 || 0 || 0 || 0 || 0 || 0 || 0 || 0 || 0 || 0 || 0 || 0 || 0 || 0 || 0 || 0 || 0 || 0 || 0 || 0 || 0 || 0 || 0 || 0 || 0 || 0 || 0 || 0 || 0 || 0 || 0 || 0 || 0 || 0 || 0 || 
1: 0
2: 1000x^2248
3: 0
5: 1x^3619 + 1000x^1968 + 1000x^1621
8386561: 1
Query result:9Dx^4095 + 45x^4094 + FF7x^4093 + FE0x^4092 + 8Ax^4091 + F7Bx^4090 + F5Cx^4089 + FE4x^4088 + FE8x^4087 + FD4x^4086 + 2Ex^4085 + 5x^4084 + FD3x^4083 + 45x^4082 + F89x^4081 + 1Cx^4080 + FBx^4079 + AEx^4078 + B3x^4077 + FA0x^4076 + 31x^4075 + FB6x^4074 + 43x^4072 + F91x^4071 + F95x^4070 + FC0x^4069 + F6Ex^4068 + 3Dx^4067 + 50x^4066 + FF8x^4065 + BBx^4064 + 40x^4063 + F76x^4062 + DDx^4061 + 44x^4060 + 16x^4059 + E94x^4058 + FCAx^4057 + F2Fx^4056 + FFAx^4055 + FF6x^4054 + FBAx^4053 + FF1x^4052 + 91x^4051 + 12x^4050 + FE7x^4049 + FAEx^4048 + FB2x^4047 + EB6x^4046 + 75x^4045 + F9Bx^4044 + FFDx^4043 + EF3x^4042 + C6x^4041 + FCFx^4040 + FB9x^4039 + 5Fx^4038 + 42x^4037 + Ex^4036 + 2x^4035 + A3x^4034 + F7Dx^4033 + FF3x^4032 + F7Ex^4031 + F7Dx^4030 + 104x^4029 + FF0x^4028 + FEEx^4027 + FBBx^4026 + FC2x^4025 + 85x^4024 + FEBx^4023 + 1x^4022 + 33x^4021 + 172x^4020 + FABx^4019 + B4x^4018 + 22x^4017 + FFFx^4016 + 31x^4015 + FE9x^4014 + F7Dx^4013 + FFAx^4012 + FE3x^4011 + FEFx^4010 + 78x^4009 + FE6x^4008 + F0Fx^4007 + Bx^4006 + 73x^4005 + FEEx^4004 + F50x^4003 + B7x^4002 + 1x^4001 + FF8x^4000 + F73x^3999 + 41x^3998 + 9Ex^3997 + FDEx^3996 + Cx^3995 + 3Ax^3994 + 26x^3993 + 3Dx^3992 + 28x^3991 + Dx^3990 + FBDx^3989 + F57x^3988 + FB6x^3987 + A2x^3986 + F96x^3985 + 49x^3984 + FCEx^3983 + FFAx^3982 + 64x^3981 + F83x^3980 + 6Dx^3979 + 65x^3978 + 22x^3977 + F4Cx^3976 + 56x^3975 + 9x^3974 + F07x^3973 + F1Ex^3972 + Ax^3971 + EDEx^3970 + FB0x^3969 + E0x^3968 + ACx^3967 + FD1x^3966 + 8Ax^3965 + FF5x^3964 + C9x^3963 + Ax^3962 + FE9x^3961 + F90x^3960 + FCBx^3959 + F99x^3958 + FB9x^3957 + FDx^3956 + 44x^3955 + FE9x^3954 + FD9x^3953 + 1A4x^3952 + D9x^3951 + A3x^3950 + 38x^3949 + 72x^3948 + F95x^3947 + 22x^3946 + FD8x^3945 + F9Dx^3944 + FB8x^3943 + C8x^3942 + FF1x^3941 + F82x^3940 + 4Bx^3939 + FD2x^3938 + 81x^3937 + Ex^3936 + 72x^3935 + 90x^3934 + 29x^3933 + 63x^3932 + FD5x^3931 + FEEx^3930 + F92x^3929 + 4Cx^3928 + F13x^3927 + 3Ax^3926 + FF9x^3925 + F77x^3924 + 48x^3923 + FB2x^3922 + F27x^3921 + 7Ex^3920 + 74x^3919 + 23x^3918 + FE7x^3917 + FE5x^3916 + 7x^3915 + FB8x^3914 + F5Cx^3913 + F3Bx^3912 + F58x^3911 + FFEx^3910 + FEAx^3909 + 24x^3908 + F7Bx^3907 + F7Cx^3906 + 80x^3905 + 2Fx^3904 + 7Ex^3903 + 9Ax^3902 + 120x^3901 + FD3x^3900 + FD3x^3899 + F24x^3898 + F1Dx^3897 + FF4x^3896 + F52x^3895 + 25x^3894 + FE1x^3893 + 17x^3892 + ED1x^3891 + FD0x^3890 + A3x^3889 + F82x^3888 + 7Cx^3887 + FE8x^3886 + FF7x^3885 + EC3x^3884 + FEDx^3883 + A4x^3882 + 1000x^3881 + F7Dx^3880 + A0x^3879 + BCx^3878 + 9x^3877 + C3x^3876 + 2Ex^3875 + Ax^3874 + 24x^3873 + FBAx^3872 + EDx^3871 + FA3x^3870 + F8Cx^3869 + 72x^3868 + 28x^3867 + Fx^3866 + FD7x^3865 + FFFx^3864 + FCDx^3863 + F7Cx^3862 + FB6x^3861 + FEBx^3860 + 21x^3859 + FECx^3858 + F6Ex^3857 + 78x^3856 + 44x^3855 + 44x^3854 + 93x^3853 + 25x^3852 + 67x^3851 + 43x^3850 + F37x^3849 + FDDx^3848 + F4Ex^3847 + C9x^3846 + FCEx^3845 + FA0x^3844 + F28x^3843 + FC0x^3842 + 36x^3841 + 3Ax^3840 + FC9x^3839 + 3Cx^3838 + FB5x^3837 + 3Cx^3836 + FFCx^3835 + FD6x^3834 + 18x^3833 + F36x^3832 + FB1x^3831 + FF4x^3830 + EF8x^3829 + B4x^3828 + D4x^3827 + FE5x^3826 + A1x^3825 + F86x^3824 + 1Dx^3823 + FA0x^3822 + F53x^3821 + F87x^3820 + B7x^3819 + FBCx^3818 + F8Cx^3817 + 7Fx^3816 + 54x^3815 + FA4x^3814 + 32x^3813 + F31x^3812 + 25x^3811 + F4Bx^3810 + FC5x^3809 + EF0x^3808 + B1x^3807 + 3Cx^3806 + FCEx^3805 + FD5x^3804 + 60x^3803 + 4Ex^3802 + 20x^3801 + 51x^3800 + 51x^3799 + 35x^3798 + 61x^3797 + F56x^3796 + FD9x^3795 + 6Ax^3794 + 10Cx^3793 + FCEx^3792 + FFCx^3791 + FC0x^3790 + F88x^3789 + FC6x^3788 + 11Bx^3787 + DAx^3786 + FD0x^3785 + FFAx^3784 + 1Ax^3783 + 9Dx^3782 + 15x^3781 + F5Ex^3780 + 59x^3779 + FE0x^3778 + F7Dx^3777 + F31x^3776 + FDEx^3774 + FF0x^3773 + 49x^3772 + FC7x^3771 + 84x^3770 + F53x^3769 + FD5x^3768 + 63x^3767 + 7Fx^3766 + F60x^3765 + FF7x^3764 + FC3x^3763 + FB1x^3762 + F86x^3761 + Bx^3760 + F63x^3759 + F5Cx^3758 + FB1x^3757 + DDx^3756 + FADx^3755 + D2x^3754 + 1Fx^3753 + FAx^3752 + A2x^3751 + 6Bx^3750 + 1Bx^3749 + F17x^3748 + 7Fx^3747 + F84x^3746 + FD8x^3745 + F8Fx^3744 + 7x^3743 + FE4x^3742 + FA3x^3741 + F77x^3740 + 8Dx^3739 + 8Ex^3738 + 1Ax^3737 + FE1x^3736 + B6x^3735 + 5Ax^3734 + 93x^3733 + 27x^3732 + FDFx^3731 + 89x^3730 + 5Ex^3729 + FABx^3728 + 8Bx^3727 + FC2x^3726 + 17x^3725 + 56x^3724 + 31x^3723 + FC7x^3722 + FE2x^3721 + FEAx^3720 + 93x^3719 + 86x^3718 + 86x^3717 + FF7x^3716 + 5Ax^3715 + FA9x^3714 + FBBx^3713 + Ex^3712 + 13x^3711 + FFBx^3710 + 16x^3709 + FD4x^3708 + F6Dx^3707 + 2Ex^3706 + 70x^3705 + 6Ex^3704 + FF5x^3703 + 9Fx^3702 + F6x^3701 + 4Bx^3700 + FC5x^3699 + Ex^3698 + FB1x^3697 + 3Cx^3696 + FC9x^3695 + 50x^3694 + FA1x^3693 + 4Dx^3692 + F8Bx^3691 + 26x^3690 + F27x^3689 + F89x^3688 + F49x^3687 + 73x^3686 + F08x^3685 + FD9x^3684 + A1x^3683 + F83x^3682 + F95x^3681 + F9Ax^3680 + FB5x^3679 + 74x^3678 + 32x^3677 + E1x^3676 + FE1x^3675 + AAx^3674 + FC9x^3673 + FB8x^3672 + Fx^3671 + 25x^3670 + F9Dx^3669 + F81x^3668 + 19x^3667 + 54x^3666 + 46x^3665 + 7Cx^3664 + F7Dx^3663 + EECx^3662 + F25x^3661 + FF9x^3660 + 17x^3659 + C5x^3658 + BCx^3657 + F86x^3656 + 35x^3655 + 6x^3654 + A2x^3653 + FC2x^3652 + EBx^3651 + FE5x^3650 + FD7x^3649 + FECx^3647 + FE4x^3646 + F7Ax^3645 + F3Ax^3644 + FDEx^3643 + 92x^3642 + 56x^3641 + FF6x^3640 + FFEx^3639 + FB7x^3638 + FF4x^3637 + FD9x^3636 + 72x^3635 + 9Ax^3634 + 137x^3633 + FECx^3632 + Ex^3631 + F70x^3630 + F74x^3629 + FFEx^3628 + F4Ax^3627 + FC8x^3626 + FFAx^3625 + FDDx^3624 + AAx^3623 + FC5x^3622 + Ax^3621 + 67x^3620 + 56x^3619 + 3Dx^3618 + 59x^3617 + Cx^3616 + F63x^3615 + 52x^3614 + FEBx^3613 + FA5x^3612 + F2Ax^3611 + FE3x^3610 + EBFx^3609 + FC0x^3608 + FA1x^3607 + EAx^3606 + B7x^3605 + FD7x^3604 + 53x^3603 + 95x^3602 + BEx^3601 + 7x^3600 + F25x^3599 + FE9x^3598 + 6Dx^3597 + F00x^3596 + 29x^3595 + FD7x^3594 + F7Ex^3593 + F00x^3592 + 1000x^3591 + 8Ax^3590 + 1000x^3589 + C6x^3588 + 124x^3587 + F88x^3586 + F9Cx^3585 + 5Fx^3584 + FD8x^3583 + 42x^3582 + F79x^3581 + 1Ax^3580 + B7x^3579 + 15x^3578 + FE8x^3577 + Bx^3576 + FF2x^3575 + F74x^3574 + FEEx^3573 + FE1x^3572 + 52x^3571 + 16x^3570 + 1x^3569 + FA0x^3568 + F5Ax^3567 + FC8x^3566 + 5Cx^3565 + F4Bx^3564 + F94x^3563 + EF6x^3562 + C3x^3561 + 7Ex^3560 + 4Ex^3559 + FB1x^3558 + FD8x^3557 + 9x^3556 + FFEx^3555 + 5Bx^3554 + 48x^3553 + 25x^3552 + F7Dx^3551 + 1Ax^3550 + FD0x^3549 + 48x^3548 + FF9x^3547 + F8Dx^3546 + 49x^3545 + F35x^3544 + FA9x^3543 + F7Bx^3542 + 24x^3541 + 1Bx^3540 + FFBx^3539 + C5x^3538 + FC6x^3537 + 64x^3536 + F13x^3535 + 6Ex^3534 + FDBx^3533 + 1000x^3532 + 1Ax^3531 + FC3x^3530 + FDCx^3529 + 3x^3528 + FB8x^3527 + FB7x^3526 + 10Ax^3525 + B5x^3524 + F98x^3523 + A4x^3522 + 4Fx^3521 + Cx^3520 + FAFx^3519 + ACx^3518 + F28x^3517 + FCDx^3516 + 83x^3515 + FDDx^3514 + FECx^3512 + 43x^3511 + F27x^3510 + FBBx^3509 + 84x^3508 + FBCx^3507 + EFx^3506 + A9x^3505 + FEDx^3504 + F00x^3503 + FEx^3502 + FEEx^3501 + F09x^3500 + 18x^3499 + 23x^3498 + 71x^3497 + FAAx^3496 + FF2x^3495 + FF3x^3494 + FD6x^3493 + 2Ax^3492 + F47x^3491 + A2x^3490 + F88x^3489 + F9Fx^3488 + 9Ex^3487 + F6Bx^3486 + FF7x^3485 + FDAx^3484 + FB2x^3483 + FF5x^3482 + F80x^3481 + FB3x^3480 + 9Fx^3479 + 42x^3478 + FD1x^3477 + FD8x^3476 + FD3x^3475 + FFFx^3474 + 4Fx^3473 + 113x^3472 + FA2x^3471 + FD2x^3470 + FE6x^3469 + 36x^3468 + 40x^3467 + 101x^3466 + 53x^3465 + 5Bx^3464 + F30x^3463 + 9x^3462 + FC9x^3461 + F61x^3460 + FF1x^3459 + 32x^3458 + 43x^3457 + 6Dx^3456 + 21x^3455 + B5x^3454 + 17x^3453 + 45x^3452 + 33x^3451 + 3Bx^3450 + E7x^3449 + FDDx^3448 + F7Ax^3447 + EFDx^3446 + F58x^3445 + A1x^3444 + FD8x^3443 + B4x^3442 + 4Dx^3441 + F54x^3440 + FCBx^3439 + E6x^3438 + 35x^3437 + FEFx^3436 + 74x^3435 + F9Ex^3434 + AEx^3433 + 85x^3432 + 34x^3431 + FC4x^3430 + 5Ex^3429 + 22x^3428 + 1x^3427 + 15x^3426 + FBBx^3425 + 27x^3424 + 29x^3423 + FCCx^3422 + FEAx^3421 + Dx^3420 + D8x^3419 + F2Cx^3418 + FF6x^3417 + F5Fx^3416 + F07x^3415 + F76x^3414 + 6Dx^3413 + 80x^3412 + F9Dx^3411 + 43x^3410 + 8Bx^3409 + F91x^3408 + 41x^3407 + 34x^3406 + 9Fx^3405 + FCCx^3404 + FADx^3403 + F50x^3402 + 9Cx^3401 + E78x^3400 + 24x^3399 + 70x^3398 + 13Fx^3397 + FE1x^3396 + 6Fx^3395 + FD3x^3394 + FEEx^3393 + 1Fx^3392 + FE4x^3391 + 5Ex^3390 + 71x^3389 + F2Bx^3388 + 1Ex^3387 + 75x^3386 + 5Ax^3385 + 1Fx^3384 + C4x^3383 + FEDx^3382 + F0Bx^3381 + 3Dx^3380 + 67x^3379 + 115x^3378 + F84x^3377 + 9Ex^3376 + FB7x^3375 + F33x^3374 + FCFx^3373 + F85x^3372 + 8Ex^3371 + 8Dx^3370 + FF0x^3368 + 5x^3367 + FEFx^3366 + F91x^3365 + 5Cx^3364 + EE3x^3363 + 25x^3362 + FADx^3361 + 2Fx^3360 + FF1x^3359 + FE4x^3358 + 2x^3357 + C5x^3356 + BBx^3355 + FEFx^3354 + F74x^3353 + 19Dx^3352 + FCBx^3351 + FC7x^3350 + FA1x^3349 + 2Bx^3348 + F9Cx^3347 + F43x^3346 + F48x^3345 + F22x^3344 + 4Cx^3343 + E78x^3342 + FBCx^3341 + EE8x^3340 + FE0x^3339 + FCBx^3338 + FB8x^3337 + FE2x^3336 + FF0x^3335 + 4Dx^3334 + 40x^3333 + F9Fx^3332 + 81x^3331 + FACx^3330 + F7Ax^3329 + F8Ex^3328 + 25x^3327 + F6Cx^3326 + FD8x^3325 + FE1x^3324 + FEDx^3323 + FBCx^3322 + 8Fx^3321 + ACx^3320 + FFBx^3319 + F9Fx^3318 + F54x^3317 + 6Cx^3316 + Fx^3315 + FA5x^3314 + 83x^3313 + FD3x^3312 + 1Ax^3311 + F81x^3310 + F7x^3309 + 28x^3308 + FF5x^3307 + FF5x^3306 + 89x^3305 + FDDx^3304 + 11Fx^3303 + 17x^3302 + F3Cx^3301 + 4Cx^3300 + F22x^3299 + 10x^3298 + 66x^3297 + 72x^3296 + FE6x^3295 + AFx^3294 + Fx^3293 + F83x^3292 + FAFx^3291 + 21x^3290 + F7Ax^3289 + 75x^3288 + 19x^3287 + 123x^3286 + ED8x^3285 + 4Ex^3284 + FDAx^3283 + F7Bx^3282 + F33x^3281 + F8Ax^3280 + E6x^3279 + F71x^3278 + 39x^3277 + F81x^3276 + 44x^3275 + 3Ex^3274 + FF2x^3273 + 8Ax^3272 + F66x^3271 + 4Dx^3270 + EF8x^3269 + FABx^3268 + C0x^3267 + F71x^3266 + E84x^3265 + F0Cx^3264 + 53x^3263 + FFDx^3262 + 37x^3261 + 64x^3260 + ACx^3259 + Ex^3258 + 3Ex^3257 + DEx^3256 + 5Fx^3255 + FA5x^3254 + F79x^3253 + F9Ax^3252 + 58x^3251 + FEFx^3250 + 2Dx^3249 + FD1x^3248 + F5Fx^3247 + FC8x^3246 + 55x^3245 + ACx^3244 + 3Cx^3243 + FEBx^3242 + F74x^3241 + 21x^3240 + 1000x^3239 + F5x^3238 + 89x^3237 + 54x^3236 + FE6x^3235 + 37x^3234 + 83x^3233 + 14x^3232 + E3x^3231 + 54x^3230 + Dx^3229 + 9x^3228 + 75x^3227 + 17x^3226 + F13x^3225 + CEx^3224 + FDCx^3223 + F7Ax^3222 + 69x^3221 + F1x^3220 + 6Ex^3219 + FF0x^3218 + 51x^3217 + 72x^3216 + 70x^3215 + 17x^3214 + F1Fx^3213 + FCFx^3212 + FAEx^3211 + 39x^3210 + EDAx^3209 + 32x^3208 + 1Ex^3207 + EEx^3206 + 59x^3205 + F8Bx^3204 + FC9x^3203 + 6Ax^3202 + FC0x^3201 + F87x^3200 + 28x^3199 + FEBx^3198 + F75x^3197 + 3Ex^3196 + FCCx^3195 + FE2x^3194 + 32x^3193 + FDDx^3192 + 10x^3191 + 1Cx^3190 + 24x^3189 + FAEx^3188 + 8Cx^3187 + 44x^3186 + FF6x^3185 + 55x^3184 + Ax^3183 + F56x^3182 + F71x^3181 + FCEx^3180 + C8x^3179 + 8x^3178 + 1Cx^3177 + F87x^3176 + 5Cx^3175 + 27x^3174 + FE4x^3173 + F32x^3172 + 3Ex^3171 + 93x^3170 + 1Ax^3169 + FBBx^3168 + 4Fx^3167 + F90x^3166 + F9Ex^3165 + F6Cx^3164 + FEAx^3163 + FABx^3162 + 7Cx^3161 + 68x^3160 + 94x^3159 + C9x^3157 + ACx^3156 + FA0x^3155 + FA4x^3154 + FEBx^3153 + FBDx^3152 + 114x^3151 + FA7x^3150 + FAFx^3149 + F91x^3148 + 85x^3147 + E98x^3146 + FA6x^3145 + F7x^3144 + 5Ax^3143 + FC7x^3142 + 4x^3141 + F7Ex^3140 + C9x^3139 + 4Cx^3138 + FE8x^3137 + F09x^3136 + 17x^3135 + 7x^3134 + EDDx^3133 + 26x^3132 + FE1x^3131 + F94x^3130 + F85x^3129 + 141x^3128 + F39x^3127 + 45x^3126 + FBBx^3125 + FEAx^3124 + FB8x^3123 + 4x^3122 + 6Dx^3121 + Bx^3120 + FD5x^3119 + FCAx^3118 + F57x^3117 + 7x^3116 + EB1x^3115 + FB6x^3114 + FC4x^3113 + FE5x^3112 + 63x^3111 + 105x^3110 + 2Bx^3109 + FD4x^3108 + F5Ex^3107 + FE4x^3106 + B7x^3105 + 10x^3104 + 49x^3103 + 18x^3102 + FFAx^3101 + FA8x^3100 + EE3x^3099 + 15Cx^3098 + FA7x^3097 + FAEx^3096 + 15x^3095 + 81x^3094 + F7Ax^3093 + FC0x^3092 + F8Cx^3091 + F55x^3090 + FCAx^3089 + 31x^3088 + 6Ax^3087 + FB7x^3086 + B2x^3085 + B6x^3084 + B3x^3083 + F5Ax^3082 + 72x^3081 + F5Dx^3080 + 9Cx^3079 + 92x^3078 + 1Fx^3077 + FAEx^3076 + EBx^3075 + FD5x^3074 + F52x^3073 + F00x^3072 + 50x^3071 + Ex^3070 + FDEx^3069 + 6Cx^3068 + F96x^3067 + FCDx^3066 + FEFx^3065 + 2Dx^3064 + FDBx^3063 + 77x^3062 + A8x^3061 + FE7x^3060 + FC3x^3059 + FAx^3058 + FFDx^3057 + F99x^3056 + FBAx^3055 + 29x^3054 + F22x^3053 + 45x^3052 + F9Ex^3051 + 3Cx^3050 + FC5x^3049 + FB9x^3048 + FBAx^3047 + FC2x^3046 + 26x^3045 + ED5x^3044 + 8Dx^3043 + FB7x^3042 + F38x^3041 + FF0x^3040 + FDEx^3039 + ADx^3038 + F9Ax^3037 + AAx^3036 + Ax^3035 + 7Ax^3034 + 8Ax^3033 + C8x^3032 + FFDx^3031 + 22x^3030 + 8Bx^3029 + FF4x^3028 + 4Ax^3027 + 95x^3026 + 24x^3025 + C8x^3024 + 32x^3023 + 13Fx^3022 + 2Fx^3021 + C0x^3020 + F59x^3019 + F58x^3018 + FD2x^3017 + F9Fx^3016 + 86x^3015 + FE7x^3014 + FEBx^3013 + F0Ax^3012 + 7Bx^3011 + 85x^3010 + 68x^3009 + FE4x^3008 + F8Cx^3007 + 78x^3006 + FFCx^3005 + FB1x^3004 + 49x^3003 + 9Ex^3002 + 25x^3001 + F25x^3000 + 12x^2999 + FA5x^2998 + F9Cx^2997 + ED1x^2996 + 10Fx^2995 + FA4x^2994 + 76x^2993 + FEEx^2992 + FB4x^2991 + 54x^2990 + 51x^2989 + A1x^2988 + 37x^2987 + D3x^2986 + 47x^2985 + ECDx^2984 + EDx^2983 + FC9x^2982 + F77x^2981 + FAFx^2980 + F98x^2979 + F7Bx^2978 + F1Bx^2977 + 23x^2976 + 6Fx^2975 + FD2x^2974 + F20x^2973 + 59x^2972 + 43x^2970 + 63x^2969 + F77x^2968 + 11x^2967 + FC5x^2966 + 4Ax^2965 + FCFx^2964 + F71x^2963 + 71x^2962 + 1Fx^2961 + F4x^2960 + 52x^2959 + 134x^2958 + B7x^2957 + FBCx^2956 + FFCx^2955 + F85x^2954 + FA9x^2953 + F9Dx^2952 + 6Dx^2951 + FF0x^2950 + FBFx^2949 + 53x^2948 + FE8x^2947 + EEx^2946 + ECDx^2945 + 75x^2944 + F2Dx^2943 + Ex^2942 + FA0x^2941 + FF7x^2940 + 131x^2939 + 1Dx^2938 + 64x^2937 + FD8x^2936 + 3Ex^2935 + 19x^2934 + F75x^2933 + 81x^2932 + 75x^2931 + C2x^2930 + 12x^2929 + FD6x^2928 + F42x^2927 + F13x^2926 + FA0x^2925 + FBAx^2924 + FF1x^2923 + F1Ax^2922 + ADx^2921 + FE4x^2920 + FE6x^2919 + F1Bx^2918 + 13x^2917 + FEDx^2916 + F9Fx^2915 + FD2x^2914 + 2Ex^2913 + DBx^2912 + 94x^2911 + FA4x^2910 + 5Ex^2909 + F64x^2908 + 9Fx^2907 + 40x^2906 + FD4x^2905 + F95x^2904 + 6x^2903 + FE1x^2902 + 49x^2901 + F9Dx^2900 + F03x^2899 + FC0x^2898 + Bx^2897 + FD6x^2896 + F90x^2895 + 25x^2894 + FA8x^2893 + FD9x^2892 + F8Fx^2891 + F97x^2890 + Bx^2889 + 80x^2888 + 13Bx^2887 + B3x^2886 + Ex^2885 + FDEx^2884 + 22x^2883 + 66x^2882 + FCBx^2881 + 31x^2880 + F93x^2879 + F90x^2878 + 9Dx^2877 + C9x^2876 + 6Ex^2875 + 6Cx^2874 + F99x^2873 + 84x^2872 + F48x^2871 + 64x^2870 + FD0x^2869 + 19x^2868 + 4Cx^2867 + FBCx^2866 + FDBx^2865 + F16x^2864 + FE7x^2863 + FF6x^2862 + FD8x^2861 + 3Ex^2860 + 27x^2859 + 2Fx^2858 + A6x^2857 + 78x^2856 + 4x^2855 + FDAx^2854 + A3x^2853 + 5Ex^2852 + Bx^2851 + FD6x^2850 + 12x^2849 + EF8x^2848 + F1Fx^2847 + F52x^2846 + 1Dx^2845 + F56x^2844 + F88x^2843 + 23x^2842 + FDDx^2841 + 40x^2840 + 76x^2839 + F47x^2838 + FE9x^2837 + 73x^2836 + F6Fx^2835 + F42x^2834 + FD1x^2833 + Cx^2832 + F7Cx^2831 + 69x^2830 + 39x^2829 + 28x^2828 + F8Fx^2827 + Cx^2826 + 5x^2825 + A2x^2824 + FD0x^2823 + 5x^2822 + FC8x^2821 + FFCx^2820 + F94x^2819 + 36x^2818 + 5Dx^2817 + 35x^2816 + FA2x^2815 + FFFx^2814 + B2x^2813 + 35x^2812 + 20x^2811 + 51x^2810 + 42x^2809 + FFEx^2808 + E3Ax^2807 + 1Ax^2806 + FA5x^2805 + 95x^2804 + FACx^2803 + 3Dx^2802 + FF9x^2801 + 7Ex^2800 + F66x^2799 + FCBx^2798 + A1x^2797 + 64x^2796 + 39x^2795 + 61x^2794 + FEDx^2793 + FB9x^2792 + 50x^2791 + 114x^2790 + FB6x^2789 + 38x^2788 + FABx^2787 + 3Fx^2786 + F69x^2785 + FFBx^2784 + FDEx^2783 + FF5x^2782 + FC8x^2781 + 9x^2780 + 17x^2779 + 65x^2778 + 11Bx^2777 + Bx^2776 + FADx^2775 + F9Bx^2774 + F7Fx^2773 + F69x^2772 + F5Ex^2771 + 3Cx^2770 + FC0x^2769 + F8Fx^2768 + 17x^2767 + 92x^2766 + 2Cx^2765 + F7Ex^2764 + 87x^2763 + F50x^2762 + BBx^2761 + 68x^2760 + FCCx^2759 + F64x^2758 + 55x^2757 + 31x^2756 + 25x^2755 + 44x^2754 + FCBx^2753 + F33x^2752 + F92x^2751 + FCEx^2750 + FDBx^2749 + 12x^2748 + F1x^2747 + F57x^2746 + FC3x^2745 + F3Ex^2744 + FFDx^2743 + F85x^2742 + 46x^2741 + A3x^2740 + B7x^2739 + 84x^2738 + FBBx^2737 + 18x^2736 + CFx^2735 + FFCx^2734 + 57x^2733 + 47x^2732 + B6x^2731 + 23x^2730 + F75x^2728 + FD2x^2727 + FFEx^2726 + F63x^2725 + F69x^2724 + FB1x^2723 + 82x^2722 + 59x^2721 + B5x^2720 + F8Cx^2719 + 2Fx^2718 + FBx^2717 + FFFx^2716 + 33x^2715 + 49x^2714 + 21x^2713 + 6Cx^2712 + FD0x^2711 + FAFx^2710 + EF6x^2709 + C7x^2708 + 38x^2707 + 30x^2706 + 68x^2705 + 82x^2704 + 83x^2703 + 7Cx^2702 + 11Dx^2701 + F74x^2700 + 7x^2699 + FBFx^2698 + EDFx^2697 + FA6x^2696 + FCDx^2695 + 89x^2694 + F3Fx^2693 + F55x^2692 + FDFx^2691 + FA6x^2690 + 73x^2689 + 22x^2688 + A1x^2687 + FAAx^2686 + 28x^2685 + 1Ax^2684 + C5x^2683 + FB3x^2682 + 1x^2681 + FE8x^2680 + F8Cx^2679 + 62x^2678 + 7Ex^2677 + E0x^2676 + 7Ex^2675 + DAx^2674 + 37x^2673 + F6Fx^2672 + E4x^2671 + F56x^2670 + F06x^2669 + F94x^2668 + 4Ax^2667 + 50x^2666 + 9x^2665 + 44x^2664 + 4Cx^2663 + 125x^2662 + 1Fx^2661 + 23x^2660 + Cx^2659 + F80x^2658 + FC9x^2657 + F31x^2656 + 28x^2655 + FF1x^2654 + FDEx^2653 + 3Dx^2652 + F93x^2651 + 99x^2650 + 68x^2649 + 7Dx^2648 + 90x^2647 + FB7x^2646 + F1Cx^2645 + 4Cx^2644 + FEDx^2643 + FD3x^2642 + FA4x^2641 + 41x^2640 + FA4x^2639 + 8x^2638 + 68x^2637 + 28x^2636 + F0Bx^2635 + 67x^2634 + F12x^2633 + DBx^2632 + 50x^2631 + FB0x^2630 + 1x^2629 + 55x^2628 + FB0x^2627 + F7Bx^2626 + 2Cx^2625 + FDCx^2624 + F55x^2623 + 8Ex^2622 + FF0x^2621 + F7Ex^2620 + Cx^2619 + FF9x^2618 + FFCx^2617 + FD7x^2616 + 9x^2615 + 24x^2614 + F94x^2613 + FD0x^2612 + 25x^2611 + F57x^2610 + F87x^2609 + F24x^2608 + FC0x^2607 + FF2x^2606 + F68x^2605 + FF3x^2604 + FBAx^2603 + 4Dx^2602 + FF0x^2601 + FF3x^2600 + 13x^2599 + FB3x^2598 + F86x^2597 + F1Dx^2596 + 19x^2595 + FA8x^2594 + FA8x^2593 + 123x^2592 + B8x^2591 + FC6x^2590 + FD0x^2589 + 9Dx^2588 + FDAx^2587 + 9Ex^2586 + FFEx^2585 + FB3x^2584 + F19x^2583 + F79x^2582 + F59x^2581 + FE1x^2580 + 109x^2579 + F9Ax^2578 + FD3x^2577 + 7Dx^2576 + FC2x^2575 + FA4x^2574 + 111x^2573 + F8Cx^2572 + F5Fx^2571 + F75x^2570 + FDDx^2569 + 2Bx^2568 + FDBx^2567 + FF2x^2566 + FEFx^2565 + FD0x^2564 + C5x^2563 + 63x^2562 + FBDx^2561 + F70x^2560 + 9x^2559 + 17x^2558 + F39x^2557 + 72x^2556 + 51x^2555 + A5x^2554 + F8Bx^2553 + 1Ex^2552 + 41x^2551 + F4Cx^2550 + 15x^2549 + A1x^2548 + 13x^2547 + F2Cx^2546 + F7Fx^2545 + F14x^2544 + E9x^2543 + FBAx^2542 + FBDx^2541 + 38x^2540 + DFx^2539 + 35x^2538 + 3Cx^2537 + B9x^2536 + FDBx^2535 + F8Cx^2534 + F7Cx^2533 + 1Bx^2532 + 7Dx^2531 + Ex^2530 + 7x^2529 + 48x^2528 + 72x^2527 + FA3x^2526 + 33x^2525 + F8Ax^2524 + F4Dx^2523 + FFCx^2522 + A8x^2521 + 53x^2520 + 1000x^2519 + F97x^2518 + FF3x^2517 + FC9x^2516 + FF0x^2515 + 31x^2514 + C7x^2513 + 58x^2512 + 197x^2511 + FD6x^2510 + C8x^2509 + FF5x^2508 + FF1x^2507 + 16x^2506 + FC8x^2505 + FE2x^2504 + F8x^2503 + FF6x^2502 + FA6x^2501 + 35x^2500 + FEDx^2499 + FC9x^2498 + F9Ex^2497 + F6Dx^2496 + 70x^2495 + 7Ex^2494 + 2x^2493 + FA8x^2492 + 14x^2491 + FD0x^2490 + F50x^2489 + 65x^2488 + FCEx^2487 + FC5x^2486 + 10x^2485 + 4Dx^2484 + FD2x^2483 + 33x^2482 + 4Ax^2481 + C4x^2480 + 7Dx^2479 + 99x^2478 + F82x^2477 + 53x^2476 + 2Ax^2475 + FBCx^2474 + 31x^2473 + 67x^2472 + F22x^2471 + A5x^2470 + FBBx^2469 + FB9x^2468 + FD8x^2467 + 7Ex^2466 + 67x^2465 + F86x^2464 + B6x^2463 + 6Ex^2462 + F6Bx^2461 + FE6x^2460 + 1Cx^2459 + 23x^2458 + F5Dx^2457 + 1Dx^2456 + 4Ex^2455 + 8Ex^2454 + A2x^2453 + F3Bx^2452 + 43x^2451 + FA9x^2450 + Bx^2449 + 55x^2448 + 4Dx^2447 + FCDx^2446 + FBDx^2445 + FB6x^2444 + 5Fx^2443 + FEDx^2442 + FFEx^2441 + 32x^2440 + D5x^2439 + 27x^2438 + A2x^2437 + FB3x^2436 + 89x^2435 + ECCx^2434 + FD6x^2433 + 59x^2432 + F50x^2431 + 1x^2430 + 1Dx^2429 + 58x^2428 + FF6x^2427 + F8Bx^2426 + F9Ex^2425 + F8Ax^2424 + F9Cx^2423 + EEBx^2422 + 8Cx^2421 + F44x^2420 + FF5x^2419 + F17x^2418 + A1x^2417 + 4Bx^2416 + FD7x^2415 + 87x^2414 + FDBx^2413 + F7Ex^2412 + F99x^2411 + 1x^2410 + FBDx^2409 + F92x^2408 + F5Ex^2407 + FC9x^2406 + 22x^2405 + FEAx^2404 + F73x^2403 + 98x^2402 + FC5x^2401 + F76x^2400 + FE5x^2399 + 4x^2398 + E98x^2397 + FF8x^2396 + F9Cx^2395 + 12Bx^2394 + 52x^2393 + B6x^2392 + FCAx^2391 + 5Fx^2390 + 22x^2389 + FD5x^2388 + 3Bx^2387 + C6x^2386 + F48x^2385 + 1Ex^2384 + F48x^2383 + F9Cx^2382 + FCDx^2381 + 56x^2380 + 16x^2379 + 67x^2378 + 84x^2377 + 2Bx^2376 + FB6x^2375 + 8Ex^2374 + 8Ax^2373 + EF8x^2372 + F2Dx^2371 + C7x^2370 + F79x^2369 + 3Ex^2368 + 23x^2367 + 103x^2366 + 8x^2365 + FE2x^2364 + FE1x^2363 + 2Ex^2362 + FE6x^2361 + FB8x^2360 + 8Fx^2359 + FB1x^2358 + FBCx^2357 + 59x^2356 + 83x^2355 + 5Ax^2354 + FC4x^2353 + FF5x^2352 + 9x^2351 + 63x^2350 + 18x^2349 + F2Ax^2348 + FF0x^2347 + F33x^2346 + FABx^2345 + F96x^2344 + 7Cx^2343 + 52x^2342 + F85x^2341 + FE9x^2340 + 4Cx^2339 + 13x^2338 + 43x^2337 + FB1x^2336 + FDDx^2335 + FEDx^2334 + FF1x^2333 + FA2x^2332 + FD0x^2331 + 6Fx^2330 + EE0x^2329 + F6Cx^2328 + 5Bx^2327 + 62x^2326 + F5Dx^2325 + FFBx^2324 + 27x^2323 + 4Dx^2322 + 19x^2321 + DBx^2320 + 8x^2319 + 14x^2318 + FCBx^2317 + 7Dx^2316 + FAAx^2315 + 21x^2314 + 6Bx^2313 + FD9x^2312 + 2Fx^2311 + 7Bx^2310 + F9Ax^2309 + F80x^2308 + 87x^2307 + 93x^2306 + 34x^2305 + E4x^2304 + FCEx^2303 + 47x^2302 + F57x^2301 + FEEx^2300 + C3x^2299 + FFCx^2298 + 19x^2297 + F4Dx^2296 + FC4x^2295 + 37x^2294 + FEFx^2293 + 5Ex^2292 + Ex^2291 + Dx^2290 + FE9x^2289 + F74x^2288 + 65x^2287 + FFBx^2286 + F87x^2285 + F54x^2284 + F87x^2283 + EDAx^2282 + CDx^2281 + F88x^2280 + 6Dx^2279 + F92x^2278 + FEDx^2277 + FCEx^2276 + 2Dx^2275 + FDAx^2274 + 5Bx^2273 + F99x^2272 + 7Cx^2271 + F99x^2270 + F80x^2269 + F37x^2268 + 67x^2267 + FB4x^2266 + F9Ax^2265 + F74x^2264 + D8x^2263 + 9x^2262 + FA9x^2261 + FD5x^2260 + FEAx^2259 + FE0x^2258 + Dx^2257 + FF1x^2256 + C8x^2255 + FA1x^2254 + 6Ex^2253 + 30x^2252 + FD3x^2251 + F42x^2250 + F17x^2249 + FFFx^2248 + 2Dx^2247 + F78x^2246 + 93x^2245 + 2x^2244 + FBBx^2243 + 20x^2242 + FF9x^2241 + 187x^2240 + FB6x^2239 + 84x^2238 + FDDx^2237 + CDx^2236 + FF8x^2235 + B2x^2234 + F34x^2233 + FE9x^2232 + FF1x^2231 + D4x^2230 + FDDx^2229 + A7x^2228 + FD3x^2227 + 8x^2226 + 2x^2225 + 57x^2224 + 26x^2223 + 83x^2222 + 10x^2221 + F7Fx^2220 + 27x^2219 + F82x^2218 + F5Cx^2217 + FC4x^2216 + FBFx^2215 + 2Dx^2214 + 40x^2213 + 7x^2212 + 28x^2211 + 82x^2210 + FD2x^2209 + 5Bx^2208 + F8Cx^2207 + FD2x^2206 + 7Ex^2205 + 2Ex^2204 + FECx^2203 + F6Dx^2202 + FF2x^2201 + 6x^2200 + FE9x^2199 + FAAx^2198 + F74x^2197 + FAAx^2196 + FE0x^2195 + 2Bx^2194 + ABx^2193 + 47x^2192 + FE1x^2191 + FD1x^2190 + 3Fx^2189 + 50x^2188 + FEAx^2187 + F64x^2186 + 99x^2185 + F6Dx^2184 + 48x^2183 + 3Cx^2182 + 135x^2181 + FFAx^2180 + FDDx^2179 + 6Dx^2178 + FC5x^2177 + FC4x^2176 + FD5x^2175 + 21x^2174 + F89x^2173 + F95x^2172 + 8Ax^2171 + 2x^2170 + 86x^2169 + FF3x^2168 + 56x^2167 + B7x^2166 + 8x^2165 + 7Bx^2164 + F13x^2163 + 4Bx^2162 + F25x^2161 + 1Cx^2160 + 98x^2159 + 63x^2158 + FE2x^2157 + 8x^2156 + 5Ax^2155 + FA1x^2154 + 75x^2153 + 99x^2152 + D1x^2151 + 95x^2150 + FB5x^2149 + C4x^2148 + F2Fx^2147 + 2Fx^2146 + FCFx^2145 + 1x^2144 + FCEx^2143 + 54x^2142 + 9Cx^2141 + 3Cx^2140 + FA3x^2139 + F32x^2138 + 1Dx^2137 + 34x^2136 + Cx^2135 + F97x^2134 + FB5x^2133 + 1x^2132 + FDEx^2131 + 49x^2130 + 11x^2129 + FA8x^2128 + FADx^2127 + ED9x^2126 + 1Fx^2125 + FBEx^2124 + F4Ex^2123 + FE1x^2122 + FB7x^2121 + FD6x^2120 + FCCx^2119 + FF4x^2118 + FCFx^2117 + F98x^2116 + 85x^2115 + FE9x^2114 + 3x^2113 + 2Dx^2112 + 8Bx^2111 + 5Fx^2110 + 11x^2109 + F9Fx^2108 + 85x^2107 + 37x^2106 + 2Ax^2105 + FBFx^2104 + F24x^2103 + FA9x^2102 + FB4x^2101 + F6Cx^2100 + 3Ex^2099 + FEBx^2098 + FA0x^2097 + 3x^2096 + AEx^2095 + FFBx^2094 + 9Bx^2093 + 30x^2092 + FEAx^2091 + F94x^2090 + 93x^2089 + 3Cx^2088 + F31x^2087 + 31x^2086 + FDBx^2085 + F80x^2084 + F62x^2083 + 1Bx^2082 + FA6x^2081 + FA5x^2080 + 6x^2079 + 4x^2078 + Ex^2077 + 4Dx^2076 + FD0x^2075 + 5x^2074 + FDDx^2073 + 65x^2072 + FC0x^2071 + 8Dx^2070 + EDAx^2069 + F92x^2068 + 92x^2067 + 24x^2066 + F57x^2065 + 79x^2064 + 27x^2063 + FC6x^2062 + 12x^2061 + FF6x^2060 + 68x^2059 + F33x^2058 + F19x^2057 + FE7x^2056 + F26x^2055 + 62x^2054 + F7Cx^2053 + F86x^2052 + 32x^2051 + F83x^2050 + FCAx^2049 + 71x^2048 + 41x^2047 + F4Ex^2046 + 1Fx^2045 + 3Bx^2044 + FB5x^2043 + 2x^2042 + F9Dx^2041 + FF1x^2040 + 3Cx^2039 + 2Ax^2038 + 53x^2037 + E3x^2036 + 31x^2035 + FD9x^2034 + 127x^2033 + ECx^2032 + 8Ex^2031 + FA5x^2030 + 28x^2029 + FB8x^2028 + FDDx^2027 + FBBx^2026 + 2Ex^2025 + 3Dx^2024 + FA8x^2023 + F90x^2022 + 37x^2021 + FBAx^2020 + CAx^2019 + 8Ax^2018 + C5x^2017 + FE1x^2016 + 9Cx^2015 + FB1x^2014 + 22x^2013 + 85x^2012 + 66x^2011 + FA2x^2010 + FC2x^2009 + FEEx^2008 + 28x^2007 + 4Ax^2006 + 16x^2005 + 3Dx^2004 + F30x^2003 + 49x^2002 + FD1x^2001 + 53x^2000 + 11Cx^1999 + F9Dx^1998 + 8Ex^1997 + FFDx^1996 + 4Ax^1995 + FC1x^1994 + F4Cx^1993 + 70x^1992 + F91x^1991 + 3Dx^1990 + 83x^1989 + 38x^1988 + 4Cx^1987 + F25x^1986 + 21x^1985 + A0x^1984 + 21x^1983 + 21x^1982 + FCFx^1981 + F47x^1980 + FA3x^1979 + 52x^1978 + 18x^1977 + 22x^1976 + FE6x^1975 + 31x^1974 + FC4x^1973 + 38x^1972 + 28x^1971 + FD3x^1970 + FD9x^1969 + 38x^1968 + FA8x^1967 + 100x^1966 + 59x^1965 + 26x^1964 + 15x^1963 + F82x^1962 + FD5x^1961 + 77x^1960 + 92x^1959 + 91x^1958 + F8Fx^1957 + 7Cx^1956 + EBx^1955 + EFFx^1954 + CAx^1953 + 11x^1952 + F7Dx^1951 + Ex^1950 + EC6x^1949 + A9x^1948 + 124x^1947 + 59x^1946 + F72x^1945 + FD7x^1944 + 10Dx^1943 + 78x^1942 + FAEx^1941 + D9x^1940 + 6Ax^1939 + F91x^1938 + F75x^1937 + 4Ex^1936 + Dx^1935 + F17x^1934 + FEDx^1933 + 26x^1932 + FB5x^1931 + FE9x^1929 + FFAx^1928 + F64x^1927 + 7Ax^1926 + FF0x^1925 + 2Bx^1924 + 36x^1923 + FD3x^1922 + FF7x^1921 + FEFx^1920 + EC4x^1919 + FB0x^1918 + FBAx^1917 + 87x^1916 + FE1x^1915 + 72x^1914 + 1Dx^1913 + 41x^1912 + FA0x^1911 + 44x^1910 + FA5x^1909 + FF6x^1908 + 1Cx^1907 + EF9x^1906 + 1Ax^1905 + F90x^1904 + FDEx^1903 + FA5x^1902 + FEEx^1901 + FDCx^1900 + F00x^1899 + 8Cx^1898 + 44x^1897 + A8x^1896 + FD7x^1895 + F66x^1894 + 49x^1893 + 8x^1892 + FD7x^1891 + FAFx^1890 + FBBx^1889 + F2Ex^1888 + 2x^1887 + 42x^1886 + 64x^1885 + FDx^1884 + D6x^1883 + B8x^1882 + FAFx^1881 + FF0x^1880 + FEBx^1879 + F6Dx^1878 + 1Ex^1877 + F38x^1876 + FBCx^1875 + FC5x^1874 + F9Ex^1873 + F9Fx^1872 + 93x^1871 + 2Dx^1870 + 32x^1869 + EBDx^1868 + 138x^1867 + 52x^1866 + 32x^1865 + F5Ax^1864 + 83x^1863 + 4Cx^1862 + FD4x^1861 + Fx^1860 + C0x^1859 + 6Fx^1858 + FBAx^1857 + F43x^1856 + 4Ax^1855 + FC1x^1854 + FC6x^1853 + F3Ex^1852 + FC7x^1851 + FE4x^1850 + FC5x^1849 + FEDx^1848 + 2x^1847 + F7Ex^1846 + EEDx^1845 + 65x^1844 + 109x^1843 + FC2x^1842 + 3Ex^1841 + FBCx^1839 + FE2x^1838 + F3Cx^1837 + 51x^1836 + FA5x^1835 + FBAx^1834 + FC0x^1833 + ADx^1832 + A4x^1831 + FCDx^1830 + FD7x^1829 + 2Fx^1828 + FF9x^1827 + F61x^1826 + FC8x^1825 + 47x^1824 + F77x^1823 + 9Bx^1822 + F62x^1821 + B4x^1820 + 4Ex^1819 + F31x^1818 + FE6x^1817 + FC8x^1816 + E8x^1815 + 5Bx^1814 + 17x^1813 + BBx^1812 + FF6x^1811 + F59x^1810 + FEEx^1809 + FC3x^1808 + B6x^1807 + 8Fx^1806 + FECx^1805 + F9x^1804 + FCFx^1803 + FD0x^1802 + 5Fx^1801 + FC1x^1800 + FB5x^1799 + 1Cx^1798 + B0x^1797 + 8Dx^1796 + 59x^1795 + 31x^1794 + FC1x^1793 + F67x^1792 + 7Cx^1791 + F74x^1790 + FCEx^1789 + FB2x^1788 + FDFx^1787 + 6Ax^1786 + 63x^1785 + 7Dx^1784 + 35x^1783 + F9Cx^1782 + 99x^1781 + EECx^1780 + 68x^1779 + F91x^1778 + 4Dx^1777 + F94x^1776 + FA2x^1775 + FE9x^1774 + FF6x^1773 + FD9x^1772 + EFAx^1771 + 63x^1770 + F0Ax^1769 + FE5x^1768 + 7Ax^1767 + 22x^1766 + F7Ex^1765 + 80x^1764 + FFEx^1763 + 60x^1762 + 13x^1761 + 10x^1760 + 2Ax^1759 + FC1x^1758 + FCBx^1757 + FE0x^1756 + F77x^1755 + 2x^1754 + E9Cx^1753 + 31x^1752 + 2Bx^1751 + B1x^1750 + Fx^1749 + B2x^1748 + 20x^1747 + 94x^1746 + 4Dx^1745 + AAx^1744 + 25x^1743 + 69x^1742 + 24x^1741 + FACx^1740 + 42x^1739 + 4Dx^1738 + F96x^1737 + FDAx^1736 + FA3x^1735 + FDAx^1734 + 4Fx^1733 + 47x^1732 + 89x^1731 + 8Dx^1730 + F43x^1729 + FD0x^1728 + F8Ex^1727 + FA7x^1726 + FDBx^1725 + FF0x^1724 + D4x^1723 + FFBx^1722 + FFCx^1721 + 1Ax^1720 + 55x^1719 + 96x^1718 + FF9x^1717 + FC4x^1716 + 76x^1715 + 6Dx^1714 + FD3x^1713 + 62x^1712 + 40x^1711 + 5Fx^1710 + FC4x^1709 + 93x^1708 + FE2x^1707 + F93x^1706 + 65x^1705 + 3Dx^1704 + 27x^1703 + FA0x^1702 + FA5x^1701 + 66x^1700 + F69x^1699 + F70x^1698 + 6x^1697 + F85x^1696 + F00x^1695 + F10x^1694 + F7Bx^1693 + 3Dx^1692 + FF5x^1691 + 76x^1690 + 79x^1689 + F5Cx^1688 + B5x^1687 + FAAx^1686 + 3Ex^1685 + BFx^1684 + F80x^1683 + F9Cx^1682 + FFAx^1681 + FD7x^1680 + FD9x^1679 + B1x^1678 + FDBx^1677 + F58x^1676 + FDAx^1675 + 1Dx^1674 + 34x^1673 + FA8x^1672 + BEx^1671 + F9Bx^1670 + 53x^1669 + 10x^1668 + 5Fx^1667 + 5Dx^1666 + F57x^1665 + 55x^1664 + FA0x^1663 + 68x^1662 + 4x^1661 + FFCx^1660 + 1x^1659 + 40x^1658 + FB0x^1657 + 79x^1656 + 7Bx^1655 + 1x^1654 + FB2x^1653 + FF2x^1652 + FC4x^1651 + 1Ex^1650 + 45x^1649 + 1Fx^1648 + F57x^1647 + 6x^1646 + 3Bx^1645 + F6Fx^1644 + F57x^1643 + F46x^1642 + 3Dx^1641 + FC9x^1640 + 54x^1639 + 7Bx^1638 + C2x^1637 + FDAx^1636 + 81x^1635 + FD2x^1634 + F7Fx^1633 + 2Bx^1632 + 28x^1631 + 9x^1630 + 47x^1629 + FC1x^1628 + FE8x^1627 + FDBx^1626 + FD1x^1625 + F73x^1624 + D5x^1623 + 7Ex^1622 + FFFx^1621 + F95x^1620 + FC3x^1619 + EF8x^1618 + F32x^1617 + FCCx^1616 + F8x^1615 + 51x^1614 + 7Ax^1613 + FC2x^1612 + 2Fx^1611 + FA7x^1610 + 28x^1609 + A3x^1608 + FC9x^1607 + F4Ax^1606 + FA4x^1605 + 6Ex^1604 + FE2x^1603 + FD5x^1602 + F11x^1601 + 34x^1600 + F18x^1599 + 80x^1598 + B8x^1597 + 45x^1596 + 94x^1595 + 13x^1594 + 5x^1593 + 113x^1592 + F65x^1591 + 1000x^1590 + FC2x^1589 + E1x^1588 + FC8x^1587 + 5Bx^1586 + 87x^1585 + F81x^1584 + F3Ax^1583 + 7Dx^1582 + 1000x^1581 + F18x^1580 + F88x^1579 + 73x^1578 + FBBx^1577 + FB9x^1576 + 48x^1575 + 97x^1574 + FE8x^1573 + FF2x^1572 + F54x^1571 + 9x^1570 + 4x^1569 + 4Fx^1568 + F77x^1567 + 43x^1566 + FCBx^1565 + FDCx^1564 + ABx^1563 + FB1x^1562 + 1Cx^1561 + FA3x^1560 + 6Bx^1559 + FADx^1558 + FBEx^1557 + A6x^1556 + 50x^1555 + F32x^1554 + FDFx^1553 + F5Cx^1552 + C5x^1551 + F82x^1550 + D9x^1549 + 15x^1548 + F8Cx^1547 + F94x^1546 + FFBx^1545 + FB3x^1544 + 62x^1543 + F9Ax^1542 + 39x^1541 + F82x^1540 + FF8x^1539 + 7Ex^1538 + 111x^1537 + 4Cx^1536 + F93x^1535 + FE0x^1534 + FA3x^1533 + 20x^1532 + 21x^1531 + F8Fx^1530 + 38x^1529 + F8Fx^1528 + EF2x^1527 + F95x^1526 + FEEx^1525 + FCFx^1524 + 23x^1523 + C8x^1522 + D4x^1521 + 48x^1520 + 72x^1519 + F84x^1518 + FD6x^1517 + AEx^1516 + 84x^1515 + 80x^1514 + FA3x^1513 + 67x^1512 + FC6x^1511 + FEBx^1510 + 42x^1509 + 9x^1508 + F4Ax^1507 + 46x^1506 + FBFx^1505 + 62x^1504 + F6Dx^1503 + 20x^1502 + F07x^1501 + E2x^1500 + 7Ax^1499 + FC0x^1498 + F82x^1497 + 7Cx^1496 + F9Dx^1495 + 2Ax^1494 + FF5x^1493 + 40x^1492 + F9Cx^1491 + F4Cx^1490 + FE0x^1489 + FE6x^1488 + FF7x^1487 + 10Fx^1486 + FE2x^1485 + 65x^1484 + FC7x^1483 + FC3x^1482 + 16x^1481 + 42x^1480 + FC8x^1479 + 3Fx^1478 + FDDx^1477 + 3Cx^1476 + 66x^1475 + 5Fx^1474 + FE2x^1473 + FD7x^1472 + F39x^1471 + FEFx^1470 + 19x^1469 + F71x^1468 + 1x^1467 + FBFx^1466 + 75x^1465 + 14x^1464 + F5x^1463 + 25x^1462 + F92x^1461 + 8Ex^1460 + FF5x^1459 + FC5x^1458 + 77x^1457 + FEFx^1456 + 7x^1455 + F55x^1454 + 1Bx^1453 + FB8x^1452 + 3Ex^1451 + F57x^1450 + 7Ax^1449 + 3Bx^1448 + 9Bx^1447 + 68x^1446 + 18x^1445 + 7Cx^1444 + 6x^1443 + F83x^1442 + 1Fx^1441 + 2x^1440 + 5Dx^1439 + FD5x^1438 + 3Dx^1437 + 6Bx^1436 + F80x^1435 + FA0x^1434 + 75x^1433 + 8x^1432 + 18x^1431 + 61x^1430 + F37x^1429 + 1Cx^1428 + FA3x^1427 + 7Ax^1426 + F3Cx^1425 + FDFx^1424 + FAx^1423 + FE9x^1422 + 7Cx^1421 + C0x^1420 + 21x^1419 + F52x^1418 + 87x^1417 + 2Ax^1416 + F39x^1415 + 5x^1414 + 62x^1413 + FCDx^1412 + FC7x^1411 + D0x^1410 + F26x^1409 + FC1x^1408 + 1Bx^1407 + F2Ex^1406 + 56x^1405 + 75x^1404 + EAx^1403 + 1Fx^1402 + 8Fx^1401 + 51x^1400 + F69x^1399 + 59x^1398 + FD0x^1397 + 2Ex^1396 + FC7x^1395 + 24x^1394 + 2Fx^1393 + 55x^1392 + FA3x^1391 + F1Cx^1390 + ACx^1389 + 62x^1388 + 124x^1387 + A5x^1386 + 101x^1385 + 35x^1384 + 34x^1383 + FEBx^1382 + FF5x^1381 + 1Cx^1380 + F71x^1379 + FDBx^1378 + 86x^1377 + F1Fx^1376 + 132x^1375 + 29x^1374 + 10x^1373 + F2Ax^1372 + F69x^1371 + FF1x^1370 + FA8x^1369 + 99x^1368 + 3Ax^1367 + FADx^1366 + 19x^1365 + FCEx^1364 + Dx^1363 + FC8x^1362 + 20x^1361 + FA2x^1360 + 62x^1359 + FCBx^1358 + FAAx^1357 + 47x^1356 + FF2x^1355 + F74x^1354 + FABx^1353 + 79x^1352 + F67x^1351 + Fx^1350 + FA3x^1349 + 7Bx^1348 + FD1x^1347 + FEEx^1346 + F74x^1345 + FEDx^1344 + FB7x^1343 + FD8x^1342 + F82x^1341 + 113x^1340 + F79x^1339 + FE6x^1338 + FC5x^1337 + 21x^1336 + FF5x^1335 + F32x^1334 + F5Ax^1333 + F1Fx^1332 + 17x^1331 + FF5x^1330 + FF4x^1329 + 9Cx^1328 + FFEx^1327 + F38x^1326 + 2x^1325 + 123x^1324 + FFBx^1323 + F70x^1322 + FFBx^1321 + FDEx^1320 + F9Ax^1319 + 78x^1318 + FFFx^1317 + CDx^1316 + FDx^1315 + F92x^1314 + B2x^1313 + FE5x^1312 + F51x^1311 + 5Dx^1310 + 51x^1309 + 70x^1308 + EFAx^1307 + 5Dx^1306 + FA1x^1305 + 32x^1304 + 4Dx^1303 + 17x^1302 + 132x^1301 + 83x^1300 + FA9x^1299 + F08x^1298 + CFx^1297 + F73x^1296 + 1Bx^1295 + F95x^1294 + 2Ex^1293 + FE5x^1292 + F97x^1291 + 81x^1290 + 13x^1289 + 3Ax^1288 + CBx^1287 + FC6x^1286 + FE6x^1285 + FF0x^1284 + FD9x^1283 + 34x^1282 + F9Fx^1281 + F82x^1280 + FA2x^1279 + FCDx^1278 + 38x^1277 + FCCx^1276 + 5Ax^1275 + 77x^1274 + F3Fx^1273 + F98x^1272 + 36x^1271 + 41x^1270 + FC1x^1269 + F8Dx^1268 + 4Dx^1267 + 2Cx^1266 + 1Bx^1265 + 9Dx^1264 + FECx^1263 + FEEx^1262 + Bx^1261 + 1Bx^1260 + 1Bx^1259 + F9Bx^1258 + FE3x^1257 + Ex^1256 + FC2x^1255 + 5x^1254 + F91x^1253 + F6Cx^1252 + 55x^1251 + 41x^1250 + 9Bx^1249 + 7Cx^1248 + F84x^1247 + 27x^1246 + 24x^1245 + F7Ax^1244 + FF5x^1243 + 150x^1242 + 44x^1241 + A7x^1240 + 71x^1239 + 55x^1238 + FBCx^1237 + FF9x^1236 + 1Bx^1235 + 6Ax^1234 + FF9x^1233 + 43x^1232 + 1x^1231 + F9Cx^1230 + FDBx^1229 + 69x^1228 + B9x^1227 + 14x^1226 + F87x^1225 + 74x^1224 + 31x^1223 + F36x^1222 + 5Dx^1221 + 7Cx^1220 + 57x^1219 + 3Bx^1218 + 11x^1217 + 24x^1216 + 6Cx^1215 + FD6x^1214 + F8Cx^1213 + 87x^1212 + FDBx^1211 + ECEx^1210 + 15x^1209 + 20x^1208 + FD8x^1207 + FBAx^1206 + FDFx^1205 + F48x^1204 + FF6x^1203 + F47x^1202 + 59x^1201 + 2x^1200 + F9Ex^1199 + FD7x^1198 + 11x^1197 + 2x^1196 + FDEx^1195 + 7Dx^1194 + FE6x^1193 + FF3x^1192 + FF4x^1191 + A6x^1190 + FEDx^1189 + FC2x^1188 + FB6x^1187 + 4Fx^1186 + 5Ex^1185 + F38x^1184 + F93x^1183 + 2Fx^1182 + 70x^1181 + F16x^1180 + F27x^1179 + EEx^1178 + 50x^1177 + FC3x^1176 + 8Bx^1175 + B7x^1174 + F6Ex^1173 + 3x^1172 + 4Ax^1171 + F9Ax^1170 + F4Fx^1169 + FDCx^1168 + 71x^1167 + 9x^1166 + 7Ex^1165 + 89x^1164 + FEFx^1163 + 37x^1162 + FE8x^1161 + 7Cx^1160 + FBBx^1159 + EE6x^1158 + 24x^1157 + Bx^1156 + 55x^1155 + 73x^1154 + 4x^1153 + F0Ex^1152 + 2Ax^1151 + 3Ax^1150 + 7Bx^1149 + 86x^1148 + 105x^1147 + 17x^1146 + FB5x^1145 + F75x^1144 + F77x^1143 + FF5x^1142 + FD9x^1141 + E8Ex^1140 + E3x^1139 + 19x^1138 + FAFx^1137 + F43x^1136 + A8x^1135 + 76x^1134 + FB7x^1133 + FA4x^1132 + FD4x^1131 + F80x^1130 + F5Cx^1129 + F2Cx^1128 + F86x^1127 + FB6x^1126 + C8x^1125 + F66x^1124 + A2x^1123 + F7Ex^1122 + F27x^1121 + 7Fx^1120 + E7x^1119 + 21x^1118 + F7Fx^1117 + A6x^1116 + 3Ex^1115 + FEFx^1114 + FB1x^1113 + 7Ex^1112 + F73x^1111 + FCFx^1110 + 3Bx^1109 + 16x^1108 + FDBx^1107 + F53x^1106 + 3Cx^1105 + 32x^1104 + FA4x^1103 + 119x^1102 + FB0x^1101 + 7Ax^1100 + 50x^1099 + 13x^1098 + 6Ex^1097 + FBBx^1096 + FE9x^1095 + F3Dx^1094 + A1x^1093 + F5x^1092 + 26x^1091 + 93x^1090 + FE6x^1089 + 75x^1088 + F89x^1087 + 96x^1086 + FEDx^1085 + FCCx^1084 + FDBx^1083 + 77x^1082 + F9Ax^1081 + 12x^1080 + A9x^1079 + 25x^1078 + FEDx^1077 + 1Ex^1076 + 130x^1075 + 70x^1074 + FBBx^1073 + 31x^1072 + FC7x^1071 + 17x^1070 + F26x^1069 + 4Ex^1068 + FF1x^1067 + 1Dx^1066 + F1x^1065 + FBBx^1064 + F99x^1063 + FA1x^1062 + 4Fx^1061 + 44x^1060 + FD5x^1059 + FE2x^1058 + EDCx^1057 + 22x^1056 + F80x^1055 + FDDx^1054 + FD8x^1053 + 27x^1052 + F1Fx^1051 + 7Fx^1050 + E0x^1049 + FC3x^1048 + 43x^1047 + FCCx^1046 + FB7x^1045 + F1Bx^1044 + 1Bx^1043 + E3x^1042 + FC0x^1041 + 6Bx^1040 + B9x^1039 + 1Fx^1038 + 91x^1037 + 8Ex^1036 + FCDx^1035 + Fx^1034 + F9Dx^1033 + F43x^1032 + 5Bx^1031 + 43x^1030 + FE8x^1029 + 3Fx^1028 + 3x^1027 + 1Bx^1026 + F28x^1025 + 67x^1024 + 30x^1023 + 5Ex^1022 + F6Fx^1021 + 41x^1020 + 21x^1019 + F6Dx^1018 + F54x^1017 + 70x^1016 + 8Ex^1015 + FE8x^1014 + 2Ax^1013 + 1Ax^1012 + FF2x^1011 + F42x^1010 + FB0x^1009 + FF9x^1008 + F67x^1007 + FD1x^1006 + FBDx^1005 + 14x^1004 + 3x^1003 + FF5x^1002 + Ax^1001 + 6Dx^1000 + F4Dx^999 + F77x^998 + 6Ex^997 + 6Ex^996 + FACx^995 + F21x^994 + FA3x^993 + 8x^992 + F8Ax^991 + 57x^990 + 88x^989 + FAAx^988 + 68x^987 + F71x^986 + 8Ax^985 + F72x^984 + 49x^983 + FAAx^982 + F74x^981 + FE3x^980 + 6Bx^979 + F76x^978 + 50x^977 + F6Cx^976 + FB5x^975 + F8Fx^974 + A8x^973 + 14x^972 + FBDx^971 + 2Dx^970 + 21x^969 + 8x^968 + FECx^967 + DEx^966 + FB2x^965 + 76x^964 + FDAx^963 + F90x^962 + 5Fx^961 + FE8x^960 + F96x^959 + F4Cx^958 + 8x^957 + 2Cx^956 + 28x^955 + A1x^954 + 74x^953 + FE6x^952 + 25x^951 + FC9x^950 + FFDx^949 + 101x^948 + 3Ex^947 + 53x^946 + F2Fx^945 + Fx^944 + 61x^943 + 64x^942 + E1x^941 + FECx^940 + 2Ax^939 + 27x^938 + FE4x^937 + F72x^936 + F0Cx^935 + 25x^934 + FC5x^933 + FF9x^932 + F8Cx^931 + F95x^930 + FADx^929 + 6Bx^928 + 35x^927 + 98x^926 + 4Cx^925 + FE9x^924 + FD6x^923 + 44x^922 + 31x^921 + FE0x^920 + Cx^919 + F3Bx^918 + FC8x^917 + ABx^916 + F5Ex^915 + 1Bx^914 + FB5x^913 + FD0x^912 + 16x^911 + FA9x^910 + 2x^909 + F61x^908 + 42x^907 + 25x^906 + FCFx^905 + FF7x^904 + 63x^903 + FC6x^902 + C9x^901 + F35x^900 + FA0x^899 + 29x^898 + BEx^897 + F92x^896 + F90x^895 + 3Dx^894 + 38x^893 + FD3x^892 + 154x^891 + 81x^890 + 6Ax^889 + 6x^888 + 98x^887 + F7Ax^886 + F7Bx^885 + FCDx^884 + FCBx^883 + F11x^882 + FD9x^881 + 91x^880 + 81x^879 + DCx^878 + FDCx^877 + Bx^876 + 74x^875 + 23x^874 + 8Ax^873 + F8Fx^872 + F9Ax^871 + FAEx^870 + F7Dx^869 + B5x^868 + 48x^867 + 118x^866 + FFEx^865 + A0x^864 + FBCx^863 + 34x^862 + FA4x^861 + 12x^860 + FD2x^859 + FA8x^858 + F9Bx^857 + FDCx^856 + F3Ex^855 + F21x^854 + EF9x^853 + 23x^852 + FFDx^851 + 77x^850 + FBDx^849 + 11x^848 + 4Ex^847 + 80x^846 + F96x^845 + F06x^844 + FF7x^843 + 27x^842 + F50x^841 + ADx^840 + 17x^839 + 57x^838 + F16x^837 + FE7x^836 + EE5x^835 + FF5x^834 + C9x^833 + 7Cx^832 + 88x^831 + 53x^830 + FB2x^829 + 73x^828 + F97x^827 + FB6x^826 + F5Cx^825 + 99x^824 + F4Ax^823 + FC9x^822 + 61x^821 + 7Fx^820 + FE7x^819 + F2Ax^818 + 11x^817 + 26x^816 + FDx^815 + F7Dx^814 + 21x^813 + F87x^812 + CFx^811 + FCCx^810 + FDCx^809 + F9Ax^808 + 73x^807 + FC9x^806 + 11Dx^805 + 6Ax^804 + 1x^803 + FF4x^802 + 4Dx^801 + F35x^800 + Ex^799 + 5Bx^798 + 7Ax^797 + F66x^796 + F7Bx^795 + FDFx^794 + 3Dx^793 + AEx^792 + AFx^791 + CAx^790 + F0Fx^789 + BEx^788 + 7Fx^787 + FA8x^786 + 3Fx^785 + FA1x^784 + FD1x^783 + EB3x^782 + 38x^781 + 2Ax^780 + 2Dx^779 + 1Fx^778 + F2Ax^777 + 66x^776 + FBEx^775 + 3Bx^774 + F92x^773 + 20x^772 + FEBx^771 + Bx^770 + F69x^769 + 8x^768 + FCAx^767 + F3Dx^766 + FEAx^765 + 76x^764 + F8Dx^763 + FB5x^762 + 39x^761 + 4Dx^760 + FEFx^759 + 85x^758 + 6Cx^757 + F94x^756 + 25x^755 + FFEx^754 + 45x^753 + 62x^752 + 13x^751 + 34x^750 + F90x^749 + CDx^748 + 84x^747 + F6Fx^746 + 5Dx^745 + 67x^744 + 3Ex^743 + 40x^742 + F97x^741 + FBAx^740 + CEx^739 + FF2x^738 + 41x^737 + 60x^736 + 5Ax^735 + F76x^734 + 32x^733 + FBDx^732 + FCCx^731 + FB7x^730 + D7x^729 + 46x^728 + 3Dx^727 + ECBx^726 + FC3x^725 + B2x^723 + F9Cx^722 + 12Bx^721 + 48x^720 + 38x^719 + F63x^718 + 8Cx^717 + 7Cx^716 + F96x^715 + FC1x^714 + FBFx^713 + 85x^712 + FD9x^711 + 1Cx^710 + F98x^709 + 49x^708 + F09x^707 + FDCx^706 + 4Ex^705 + FA4x^704 + FCCx^703 + 73x^702 + F7Fx^701 + EFCx^700 + F2Fx^699 + 11Fx^698 + FA0x^697 + 94x^696 + 3Ex^695 + F70x^694 + C3x^693 + F6Dx^692 + F11x^691 + F8Ax^690 + FCEx^689 + FE3x^688 + 1Fx^687 + 88x^686 + F96x^685 + FBAx^684 + F99x^683 + FC8x^682 + 57x^681 + FEDx^680 + FC2x^679 + A9x^678 + FD1x^677 + F8Ex^676 + CBx^675 + FFBx^674 + F96x^673 + F73x^672 + 20x^671 + F9Ax^670 + 9Dx^669 + 53x^668 + 2Fx^667 + D5x^666 + CEx^665 + FF9x^664 + F90x^663 + FB3x^662 + F9Cx^661 + F87x^660 + 7Bx^659 + 7Cx^658 + FE2x^657 + F8Bx^656 + FDAx^655 + EF1x^654 + 99x^653 + FF7x^652 + 93x^651 + FF9x^650 + FB8x^649 + EF5x^648 + F72x^647 + Dx^646 + EE3x^645 + 13x^644 + 72x^643 + B5x^642 + 11Dx^641 + 3Ax^640 + 103x^639 + 7Ex^638 + FC4x^637 + EEDx^636 + 8Dx^635 + 2Dx^634 + E9Ax^633 + FA3x^632 + FDFx^631 + F88x^630 + FBDx^629 + 132x^628 + F47x^627 + FDBx^626 + 38x^625 + 60x^624 + FCDx^623 + 7Ax^622 + F84x^621 + 17x^620 + 48x^619 + FBFx^618 + F81x^617 + 7Bx^616 + F59x^615 + E92x^614 + FF5x^613 + 91x^612 + F69x^611 + F90x^610 + FF6x^609 + 19x^608 + FDCx^607 + 78x^606 + FF3x^605 + Ex^604 + 46x^603 + Bx^602 + 17x^601 + A0x^600 + FA2x^599 + 25x^598 + F8Ax^597 + 1000x^596 + 15x^595 + 2Ax^594 + 108x^593 + 9Bx^592 + FB1x^591 + 6x^590 + 2Ex^589 + 1000x^588 + FC8x^587 + 7Bx^586 + 2Ax^585 + 2Fx^584 + 49x^583 + FF5x^582 + FC5x^581 + 21x^580 + 58x^579 + FD1x^578 + 5Ax^577 + FADx^576 + 4x^575 + F84x^574 + FBDx^573 + FA3x^572 + EEFx^571 + 23x^570 + FAFx^569 + 96x^568 + 1Fx^567 + 65x^566 + AAx^565 + F7Fx^564 + 57x^563 + F7Fx^562 + FD9x^561 + FE5x^560 + 33x^559 + 58x^558 + 3x^557 + FAFx^556 + EEAx^555 + FA5x^554 + FB2x^553 + 138x^552 + 89x^551 + FC4x^550 + 38x^549 + FA1x^548 + 69x^547 + 11x^546 + 52x^545 + F8Bx^544 + 8Ex^543 + 40x^542 + EEBx^541 + FFBx^540 + Bx^539 + FFAx^538 + F82x^537 + FD7x^536 + 2x^535 + 75x^534 + 8Fx^533 + F40x^532 + 7Bx^531 + 26x^530 + F9Fx^529 + 22x^528 + AFx^527 + FC8x^526 + 29x^525 + 128x^524 + 8Ex^523 + 31x^522 + F00x^521 + 1x^520 + FF7x^519 + 5x^518 + 83x^517 + F95x^516 + F99x^515 + FDCx^514 + F79x^513 + 6Cx^512 + F8Fx^511 + A1x^510 + FABx^509 + 32x^508 + 84x^507 + FF2x^506 + 16x^505 + 57x^504 + 12x^503 + FF4x^502 + FABx^501 + Fx^499 + F60x^498 + B3x^497 + FD3x^496 + FECx^495 + FBCx^494 + 83x^493 + FEFx^492 + FB9x^491 + F2Dx^490 + 29x^489 + 3Bx^488 + FB3x^487 + F18x^486 + D5x^485 + A0x^484 + 28x^483 + FFCx^482 + F62x^481 + F6Cx^480 + F50x^479 + F8Ax^478 + F82x^477 + A1x^476 + 22x^475 + F9Dx^474 + 99x^473 + FC5x^472 + 5Ax^471 + 5Fx^470 + 2Dx^469 + FF9x^468 + 11x^467 + DBx^466 + B8x^465 + FFCx^464 + FA5x^463 + FC7x^462 + FBBx^461 + B7x^460 + 7x^459 + FE6x^458 + E2x^457 + F26x^456 + F69x^455 + FDEx^454 + 22x^453 + F62x^452 + A3x^451 + 16Fx^450 + FA5x^449 + 33x^448 + F54x^447 + FDBx^446 + 14x^445 + 6x^444 + FE1x^443 + 65x^442 + 99x^441 + F91x^440 + FCCx^439 + 2Dx^438 + FAFx^437 + 50x^436 + 25x^435 + F84x^434 + F5Fx^433 + 60x^432 + 17x^431 + 76x^430 + 31x^429 + 2Ax^428 + FA8x^427 + F87x^426 + F97x^425 + EEx^424 + F9Bx^423 + FBCx^422 + FF4x^421 + FE9x^420 + 16x^419 + F8Dx^418 + FC4x^417 + 1Dx^416 + 42x^415 + F79x^414 + F13x^413 + 2Cx^412 + 82x^411 + FE6x^410 + FCAx^409 + F94x^408 + FE0x^407 + F80x^406 + FBBx^405 + F8Dx^404 + 77x^403 + Ax^402 + FF7x^401 + 42x^400 + 7Fx^399 + FD2x^398 + FA3x^397 + 11x^396 + FE4x^395 + FE3x^394 + 66x^393 + 4Dx^392 + FD6x^391 + 1Bx^390 + 70x^389 + F8Ax^388 + 5Ax^387 + 1Fx^386 + FF5x^385 + 1A8x^384 + 75x^383 + F6Cx^382 + 44x^381 + FABx^380 + EF3x^379 + F47x^378 + 50x^377 + 1Cx^376 + FB9x^375 + 2Ax^374 + FB5x^373 + 73x^372 + 93x^371 + FD2x^370 + 2Bx^369 + 56x^368 + FCBx^367 + F98x^366 + F92x^365 + 5Ax^364 + F49x^363 + F5Ax^362 + 35x^361 + FF9x^360 + F8Fx^359 + FEx^358 + 1000x^357 + C1x^356 + F73x^355 + F82x^354 + A0x^353 + FCDx^352 + F58x^351 + 1Dx^350 + F77x^349 + B4x^348 + A9x^347 + FD6x^346 + F53x^345 + FD4x^344 + 50x^343 + F97x^342 + FCAx^341 + FE7x^340 + F92x^339 + F9Ax^338 + FB0x^337 + F7Dx^336 + FD4x^335 + 71x^334 + 67x^332 + 5Fx^331 + FE5x^330 + 93x^329 + F93x^328 + 26x^327 + F74x^326 + 11Cx^325 + 84x^324 + F91x^323 + FA6x^322 + 13Ax^321 + 9Dx^320 + F73x^319 + FA4x^318 + Fx^317 + FE2x^316 + FB2x^315 + 43x^314 + 9Cx^313 + FC0x^312 + 82x^311 + FD3x^310 + B0x^309 + 15x^308 + FDCx^307 + 60x^306 + EF6x^305 + 1Cx^304 + 42x^303 + 5Dx^302 + E0x^301 + 20x^300 + F82x^299 + 15x^298 + FA1x^297 + 1000x^296 + 8Dx^295 + FE4x^294 + FE6x^293 + 34x^292 + 24x^291 + 2Fx^290 + 1Cx^289 + 9x^288 + E8Dx^287 + FE1x^286 + Bx^285 + 2Cx^284 + FE5x^283 + EF7x^282 + FFBx^281 + FF6x^280 + FDBx^279 + 3Ex^278 + 2Bx^277 + 88x^276 + DDx^275 + 7Dx^274 + FEBx^273 + FBEx^272 + F92x^271 + FD4x^270 + 19x^269 + FCEx^268 + FCCx^267 + FD7x^266 + 54x^265 + FCCx^264 + F91x^263 + 25x^262 + B5x^261 + 4Cx^260 + 1Dx^259 + 7Ex^258 + 45x^257 + F56x^256 + 9x^255 + FD0x^254 + FCEx^253 + F4Fx^252 + 81x^251 + FD2x^250 + D5x^249 + F62x^248 + 6Fx^247 + FB6x^246 + FCAx^245 + FE5x^244 + 15x^243 + 39x^242 + FE9x^241 + 19x^240 + F6x^239 + 4Ex^238 + 64x^237 + 4Fx^236 + 65x^235 + FDAx^234 + FA0x^233 + 25x^232 + 58x^231 + 69x^230 + FC3x^229 + 70x^228 + E9Fx^227 + FCEx^226 + 6Dx^225 + 24x^224 + FCDx^223 + 2Ax^222 + F6Ax^221 + 1000x^220 + 13x^219 + 4Bx^218 + 56x^217 + FB8x^216 + F94x^215 + Dx^214 + FC2x^213 + 4Ex^212 + F93x^211 + FDCx^210 + Ex^209 + F6Bx^208 + 24x^207 + 8x^206 + F8Bx^205 + F6Ex^204 + FCCx^203 + A2x^202 + F4Ex^201 + 1Ex^200 + FDEx^199 + 1Fx^198 + 22x^197 + FFDx^196 + F4Ax^195 + 1000x^194 + F6Bx^193 + 8Fx^192 + D6x^191 + FFEx^190 + F8Cx^189 + F8Cx^188 + F00x^187 + FD1x^186 + F7Dx^185 + 136x^184 + FFDx^183 + 50x^182 + F13x^181 + 99x^180 + 28x^179 + Ex^178 + FA3x^177 + 7Bx^176 + B4x^175 + F4Dx^174 + 5Dx^173 + F88x^172 + 1000x^171 + F9Ex^170 + F47x^169 + 19x^168 + FD1x^167 + 4x^166 + C1x^165 + 8Fx^164 + C1x^163 + F4x^162 + 56x^161 + FD1x^160 + 31x^159 + FF1x^158 + E4x^157 + 24x^156 + F9Dx^154 + F51x^153 + F6Ax^152 + F8Ax^151 + Bx^150 + 4Ex^149 + 5Cx^148 + 1Fx^147 + F9Dx^146 + FE4x^145 + 3x^144 + A8x^143 + FE6x^142 + FBEx^141 + 14x^140 + 116x^139 + F45x^138 + F5Dx^137 + 1000x^136 + F83x^135 + F9Ex^134 + F1Bx^133 + 2x^132 + 21x^131 + FDBx^130 + FABx^129 + 6Cx^128 + 59x^127 + FC6x^126 + 7Fx^125 + FDAx^124 + 78x^123 + 3Bx^122 + FBx^121 + 64x^120 + F7Cx^119 + F72x^118 + F17x^117 + 9Cx^116 + FB5x^115 + FCCx^114 + 9Cx^113 + 104x^112 + A3x^111 + 27x^110 + 4x^109 + 5Bx^108 + F4Ax^107 + FCFx^106 + FDAx^105 + FF9x^104 + 53x^103 + C1x^102 + 5Fx^101 + FEAx^100 + 40x^99 + FEEx^98 + 73x^97 + DBx^96 + 54x^95 + EF9x^94 + F8Fx^93 + F97x^92 + FB4x^91 + FFBx^90 + 61x^89 + Fx^88 + 1000x^87 + CDx^86 + F0x^85 + FDBx^84 + Fx^83 + F37x^82 + FD1x^81 + F05x^80 + FA0x^79 + F41x^78 + FD3x^77 + B7x^76 + FFFx^75 + 2Ax^74 + 73x^73 + F8Dx^72 + FEAx^71 + 33x^70 + FCAx^69 + FF2x^68 + F60x^67 + 65x^66 + F5Ex^65 + F77x^64 + FCDx^63 + 6Fx^62 + 154x^61 + EC6x^60 + F4Cx^59 + 59x^58 + F6Ax^57 + FFAx^56 + 3x^55 + Ax^54 + 14x^53 + EEFx^52 + FADx^51 + 12x^50 + 4Ex^49 + 3Fx^48 + 4Ax^47 + FA7x^46 + FE2x^45 + 32x^44 + 73x^43 + 4Ex^42 + FA0x^41 + 63x^40 + Bx^39 + D6x^38 + F4Dx^37 + 11x^36 + Cx^35 + FAEx^34 + 28x^33 + 3x^32 + FEAx^31 + 3Cx^30 + 41x^29 + 67x^28 + F9x^27 + 3Bx^25 + 6Bx^24 + 40x^23 + 2Bx^22 + 41x^21 + F95x^20 + 1Dx^19 + ECEx^18 + 1x^17 + F67x^16 + 101x^15 + FC8x^14 + 92x^13 + 51x^12 + 6Cx^11 + 1Ax^10 + 7Dx^9 + 44x^8 + FDCx^7 + FBFx^6 + F5Dx^5 + F31x^4 + 65x^3 + FDAx^2 + 72x^1 + 54C
