## One hot encoding case
bitlength = 4096, plain_mod = 65, hamming_weight = 1, x = 4

1x^2 || 
Expanded query size:4096
1x^2|| 
2x^2|| 0|| 
0|| 0|| 4|| 0|| 
0|| 0|| 8|| 0|| 0|| 0|| 0|| 0|| 
0|| 0|| 10|| 0|| 0|| 0|| 0|| 0|| 0|| 0|| 0|| 0|| 0|| 0|| 0|| 0|| 
0|| 0|| 20|| 0|| 0|| 0|| 0|| 0|| 0|| 0|| 0|| 0|| 0|| 0|| 0|| 0|| 0|| 0|| 0|| 0|| 0|| 0|| 0|| 0|| 0|| 0|| 0|| 0|| 0|| 0|| 0|| 0|| 
0|| 0|| 40|| 0|| 0|| 0|| 0|| 0|| 0|| 0|| 0|| 0|| 0|| 0|| 0|| 0|| 0|| 0|| 0|| 0|| 0|| 0|| 0|| 0|| 0|| 0|| 0|| 0|| 0|| 0|| 0|| 0|| 0|| 0|| 0|| 0|| 0|| 0|| 0|| 0|| 0|| 0|| 0|| 0|| 0|| 0|| 0|| 0|| 0|| 0|| 0|| 0|| 0|| 0|| 0|| 0|| 0|| 0|| 0|| 0|| 0|| 0|| 0|| 0|| 
0|| 0|| 3F|| 0|| 0|| 0|| 0|| 0|| 0|| 0|| 0|| 0|| 0|| 0|| 0|| 0|| 0|| 0|| 0|| 0|| 0|| 0|| 0|| 0|| 0|| 0|| 0|| 0|| 0|| 0|| 0|| 0|| 0|| 0|| 0|| 0|| 0|| 0|| 0|| 0|| 0|| 0|| 0|| 0|| 0|| 0|| 0|| 0|| 0|| 0|| 0|| 0|| 0|| 0|| 0|| 0|| 0|| 0|| 0|| 0|| 0|| 0|| 0|| 0|| 0|| 0|| 0|| 0|| 0|| 0|| 0|| 0|| 0|| 0|| 0|| 0|| 0|| 0|| 0|| 0|| 0|| 0|| 0|| 0|| 0|| 0|| 0|| 0|| 0|| 0|| 0|| 0|| 0|| 0|| 0|| 0|| 0|| 0|| 0|| 0|| 0|| 0|| 0|| 0|| 0|| 0|| 0|| 0|| 0|| 0|| 0|| 0|| 0|| 0|| 0|| 0|| 0|| 0|| 0|| 0|| 0|| 0|| 0|| 0|| 0|| 0|| 0|| 0|| 
0|| 0|| 3D|| 0|| 0|| 0|| 0|| 0|| 0|| 0|| 0|| 0|| 0|| 0|| 0|| 0|| 0|| 0|| 0|| 0|| 0|| 0|| 0|| 0|| 0|| 0|| 0|| 0|| 0|| 0|| 0|| 0|| 0|| 0|| 0|| 0|| 0|| 0|| 0|| 0|| 0|| 0|| 0|| 0|| 0|| 0|| 0|| 0|| 0|| 0|| 0|| 0|| 0|| 0|| 0|| 0|| 0|| 0|| 0|| 0|| 0|| 0|| 0|| 0|| 0|| 0|| 0|| 0|| 0|| 0|| 0|| 0|| 0|| 0|| 0|| 0|| 0|| 0|| 0|| 0|| 0|| 0|| 0|| 0|| 0|| 0|| 0|| 0|| 0|| 0|| 0|| 0|| 0|| 0|| 0|| 0|| 0|| 0|| 0|| 0|| 0|| 0|| 0|| 0|| 0|| 0|| 0|| 0|| 0|| 0|| 0|| 0|| 0|| 0|| 0|| 0|| 0|| 0|| 0|| 0|| 0|| 0|| 0|| 0|| 0|| 0|| 0|| 0|| 0|| 0|| 0|| 0|| 0|| 0|| 0|| 0|| 0|| 0|| 0|| 0|| 0|| 0|| 0|| 0|| 0|| 0|| 0|| 0|| 0|| 0|| 0|| 0|| 0|| 0|| 0|| 0|| 0|| 0|| 0|| 0|| 0|| 0|| 0|| 0|| 0|| 0|| 0|| 0|| 0|| 0|| 0|| 0|| 0|| 0|| 0|| 0|| 0|| 0|| 0|| 0|| 0|| 0|| 0|| 0|| 0|| 0|| 0|| 0|| 0|| 0|| 0|| 0|| 0|| 0|| 0|| 0|| 0|| 0|| 0|| 0|| 0|| 0|| 0|| 0|| 0|| 0|| 0|| 0|| 0|| 0|| 0|| 0|| 0|| 0|| 0|| 0|| 0|| 0|| 0|| 0|| 0|| 0|| 0|| 0|| 0|| 0|| 0|| 0|| 0|| 0|| 0|| 0|| 0|| 0|| 0|| 0|| 0|| 0|| 0|| 0|| 0|| 0|| 0|| 0|| 0|| 0|| 0|| 0|| 0|| 0|| 0|| 0|| 0|| 0|| 0|| 0|| 
0|| 0|| 39|| 0|| 0|| 0|| 0|| 0|| 0|| 0|| 0|| 0|| 0|| 0|| 0|| 0|| 0|| 0|| 0|| 0|| 0|| 0|| 0|| 0|| 0|| 0|| 0|| 0|| 0|| 0|| 0|| 0|| 0|| 0|| 0|| 0|| 0|| 0|| 0|| 0|| 0|| 0|| 0|| 0|| 0|| 0|| 0|| 0|| 0|| 0|| 0|| 0|| 0|| 0|| 0|| 0|| 0|| 0|| 0|| 0|| 0|| 0|| 0|| 0|| 0|| 0|| 0|| 0|| 0|| 0|| 0|| 0|| 0|| 0|| 0|| 0|| 0|| 0|| 0|| 0|| 0|| 0|| 0|| 0|| 0|| 0|| 0|| 0|| 0|| 0|| 0|| 0|| 0|| 0|| 0|| 0|| 0|| 0|| 0|| 0|| 0|| 0|| 0|| 0|| 0|| 0|| 0|| 0|| 0|| 0|| 0|| 0|| 0|| 0|| 0|| 0|| 0|| 0|| 0|| 0|| 0|| 0|| 0|| 0|| 0|| 0|| 0|| 0|| 0|| 0|| 0|| 0|| 0|| 0|| 0|| 0|| 0|| 0|| 0|| 0|| 0|| 0|| 0|| 0|| 0|| 0|| 0|| 0|| 0|| 0|| 0|| 0|| 0|| 0|| 0|| 0|| 0|| 0|| 0|| 0|| 0|| 0|| 0|| 0|| 0|| 0|| 0|| 0|| 0|| 0|| 0|| 0|| 0|| 0|| 0|| 0|| 0|| 0|| 0|| 0|| 0|| 0|| 0|| 0|| 0|| 0|| 0|| 0|| 0|| 0|| 0|| 0|| 0|| 0|| 0|| 0|| 0|| 0|| 0|| 0|| 0|| 0|| 0|| 0|| 0|| 0|| 0|| 0|| 0|| 0|| 0|| 0|| 0|| 0|| 0|| 0|| 0|| 0|| 0|| 0|| 0|| 0|| 0|| 0|| 0|| 0|| 0|| 0|| 0|| 0|| 0|| 0|| 0|| 0|| 0|| 0|| 0|| 0|| 0|| 0|| 0|| 0|| 0|| 0|| 0|| 0|| 0|| 0|| 0|| 0|| 0|| 0|| 0|| 0|| 0|| 0|| 0|| 0|| 0|| 0|| 0|| 0|| 0|| 0|| 0|| 0|| 0|| 0|| 0|| 0|| 0|| 0|| 0|| 0|| 0|| 0|| 0|| 0|| 0|| 0|| 0|| 0|| 0|| 0|| 0|| 0|| 0|| 0|| 0|| 0|| 0|| 0|| 0|| 0|| 0|| 0|| 0|| 0|| 0|| 0|| 0|| 0|| 0|| 0|| 0|| 0|| 0|| 0|| 0|| 0|| 0|| 0|| 0|| 0|| 0|| 0|| 0|| 0|| 0|| 0|| 0|| 0|| 0|| 0|| 0|| 0|| 0|| 0|| 0|| 0|| 0|| 0|| 0|| 0|| 0|| 0|| 0|| 0|| 0|| 0|| 0|| 0|| 0|| 0|| 0|| 0|| 0|| 0|| 0|| 0|| 0|| 0|| 0|| 0|| 0|| 0|| 0|| 0|| 0|| 0|| 0|| 0|| 0|| 0|| 0|| 0|| 0|| 0|| 0|| 0|| 0|| 0|| 0|| 0|| 0|| 0|| 0|| 0|| 0|| 0|| 0|| 0|| 0|| 0|| 0|| 0|| 0|| 0|| 0|| 0|| 0|| 0|| 0|| 0|| 0|| 0|| 0|| 0|| 0|| 0|| 0|| 0|| 0|| 0|| 0|| 0|| 0|| 0|| 0|| 0|| 0|| 0|| 0|| 0|| 0|| 0|| 0|| 0|| 0|| 0|| 0|| 0|| 0|| 0|| 0|| 0|| 0|| 0|| 0|| 0|| 0|| 0|| 0|| 0|| 0|| 0|| 0|| 0|| 0|| 0|| 0|| 0|| 0|| 0|| 0|| 0|| 0|| 0|| 0|| 0|| 0|| 0|| 0|| 0|| 0|| 0|| 0|| 0|| 0|| 0|| 0|| 0|| 0|| 0|| 0|| 0|| 0|| 0|| 0|| 0|| 0|| 0|| 0|| 0|| 0|| 0|| 0|| 0|| 0|| 0|| 0|| 0|| 0|| 0|| 0|| 0|| 0|| 0|| 0|| 0|| 0|| 0|| 0|| 0|| 0|| 0|| 0|| 0|| 0|| 0|| 0|| 0|| 0|| 0|| 0|| 0|| 0|| 0|| 0|| 0|| 0|| 0|| 
0|| 0|| 31|| 0|| 0|| 0|| 0|| 0|| 0|| 0|| 0|| 0|| 0|| 0|| 0|| 0|| 0|| 0|| 0|| 0|| 0|| 0|| 0|| 0|| 0|| 0|| 0|| 0|| 0|| 0|| 0|| 0|| 0|| 0|| 0|| 0|| 0|| 0|| 0|| 0|| 0|| 0|| 0|| 0|| 0|| 0|| 0|| 0|| 0|| 0|| 0|| 0|| 0|| 0|| 0|| 0|| 0|| 0|| 0|| 0|| 0|| 0|| 0|| 0|| 0|| 0|| 0|| 0|| 0|| 0|| 0|| 0|| 0|| 0|| 0|| 0|| 0|| 0|| 0|| 0|| 0|| 0|| 0|| 0|| 0|| 0|| 0|| 0|| 0|| 0|| 0|| 0|| 0|| 0|| 0|| 0|| 0|| 0|| 0|| 0|| 0|| 0|| 0|| 0|| 0|| 0|| 0|| 0|| 0|| 0|| 0|| 0|| 0|| 0|| 0|| 0|| 0|| 0|| 0|| 0|| 0|| 0|| 0|| 0|| 0|| 0|| 0|| 0|| 0|| 0|| 0|| 0|| 0|| 0|| 0|| 0|| 0|| 0|| 0|| 0|| 0|| 0|| 0|| 0|| 0|| 0|| 0|| 0|| 0|| 0|| 0|| 0|| 0|| 0|| 0|| 0|| 0|| 0|| 0|| 0|| 0|| 0|| 0|| 0|| 0|| 0|| 0|| 0|| 0|| 0|| 0|| 0|| 0|| 0|| 0|| 0|| 0|| 0|| 0|| 0|| 0|| 0|| 0|| 0|| 0|| 0|| 0|| 0|| 0|| 0|| 0|| 0|| 0|| 0|| 0|| 0|| 0|| 0|| 0|| 0|| 0|| 0|| 0|| 0|| 0|| 0|| 0|| 0|| 0|| 0|| 0|| 0|| 0|| 0|| 0|| 0|| 0|| 0|| 0|| 0|| 0|| 0|| 0|| 0|| 0|| 0|| 0|| 0|| 0|| 0|| 0|| 0|| 0|| 0|| 0|| 0|| 0|| 0|| 0|| 0|| 0|| 0|| 0|| 0|| 0|| 0|| 0|| 0|| 0|| 0|| 0|| 0|| 0|| 0|| 0|| 0|| 0|| 0|| 0|| 0|| 0|| 0|| 0|| 0|| 0|| 0|| 0|| 0|| 0|| 0|| 0|| 0|| 0|| 0|| 0|| 0|| 0|| 0|| 0|| 0|| 0|| 0|| 0|| 0|| 0|| 0|| 0|| 0|| 0|| 0|| 0|| 0|| 0|| 0|| 0|| 0|| 0|| 0|| 0|| 0|| 0|| 0|| 0|| 0|| 0|| 0|| 0|| 0|| 0|| 0|| 0|| 0|| 0|| 0|| 0|| 0|| 0|| 0|| 0|| 0|| 0|| 0|| 0|| 0|| 0|| 0|| 0|| 0|| 0|| 0|| 0|| 0|| 0|| 0|| 0|| 0|| 0|| 0|| 0|| 0|| 0|| 0|| 0|| 0|| 0|| 0|| 0|| 0|| 0|| 0|| 0|| 0|| 0|| 0|| 0|| 0|| 0|| 0|| 0|| 0|| 0|| 0|| 0|| 0|| 0|| 0|| 0|| 0|| 0|| 0|| 0|| 0|| 0|| 0|| 0|| 0|| 0|| 0|| 0|| 0|| 0|| 0|| 0|| 0|| 0|| 0|| 0|| 0|| 0|| 0|| 0|| 0|| 0|| 0|| 0|| 0|| 0|| 0|| 0|| 0|| 0|| 0|| 0|| 0|| 0|| 0|| 0|| 0|| 0|| 0|| 0|| 0|| 0|| 0|| 0|| 0|| 0|| 0|| 0|| 0|| 0|| 0|| 0|| 0|| 0|| 0|| 0|| 0|| 0|| 0|| 0|| 0|| 0|| 0|| 0|| 0|| 0|| 0|| 0|| 0|| 0|| 0|| 0|| 0|| 0|| 0|| 0|| 0|| 0|| 0|| 0|| 0|| 0|| 0|| 0|| 0|| 0|| 0|| 0|| 0|| 0|| 0|| 0|| 0|| 0|| 0|| 0|| 0|| 0|| 0|| 0|| 0|| 0|| 0|| 0|| 0|| 0|| 0|| 0|| 0|| 0|| 0|| 0|| 0|| 0|| 0|| 0|| 0|| 0|| 0|| 0|| 0|| 0|| 0|| 0|| 0|| 0|| 0|| 0|| 0|| 0|| 0|| 0|| 0|| 0|| 0|| 0|| 0|| 0|| 0|| 0|| 0|| 0|| 0|| 0|| 0|| 0|| 0|| 0|| 0|| 0|| 0|| 0|| 0|| 0|| 0|| 0|| 0|| 0|| 0|| 0|| 0|| 0|| 0|| 0|| 0|| 0|| 0|| 0|| 0|| 0|| 0|| 0|| 0|| 0|| 0|| 0|| 0|| 0|| 0|| 0|| 0|| 0|| 0|| 0|| 0|| 0|| 0|| 0|| 0|| 0|| 0|| 0|| 0|| 0|| 0|| 0|| 0|| 0|| 0|| 0|| 0|| 0|| 0|| 0|| 0|| 0|| 0|| 0|| 0|| 0|| 0|| 0|| 0|| 0|| 0|| 0|| 0|| 0|| 0|| 0|| 0|| 0|| 0|| 0|| 0|| 0|| 0|| 0|| 0|| 0|| 0|| 0|| 0|| 0|| 0|| 0|| 0|| 0|| 0|| 0|| 0|| 0|| 0|| 0|| 0|| 0|| 0|| 0|| 0|| 0|| 0|| 0|| 0|| 0|| 0|| 0|| 0|| 0|| 0|| 0|| 0|| 0|| 0|| 0|| 0|| 0|| 0|| 0|| 0|| 0|| 0|| 0|| 0|| 0|| 0|| 0|| 0|| 0|| 0|| 0|| 0|| 0|| 0|| 0|| 0|| 0|| 0|| 0|| 0|| 0|| 0|| 0|| 0|| 0|| 0|| 0|| 0|| 0|| 0|| 0|| 0|| 0|| 0|| 0|| 0|| 0|| 0|| 0|| 0|| 0|| 0|| 0|| 0|| 0|| 0|| 0|| 0|| 0|| 0|| 0|| 0|| 0|| 0|| 0|| 0|| 0|| 0|| 0|| 0|| 0|| 0|| 0|| 0|| 0|| 0|| 0|| 0|| 0|| 0|| 0|| 0|| 0|| 0|| 0|| 0|| 0|| 0|| 0|| 0|| 0|| 0|| 0|| 0|| 0|| 0|| 0|| 0|| 0|| 0|| 0|| 0|| 0|| 0|| 0|| 0|| 0|| 0|| 0|| 0|| 0|| 0|| 0|| 0|| 0|| 0|| 0|| 0|| 0|| 0|| 0|| 0|| 0|| 0|| 0|| 0|| 0|| 0|| 0|| 0|| 0|| 0|| 0|| 0|| 0|| 0|| 0|| 0|| 0|| 0|| 0|| 0|| 0|| 0|| 0|| 0|| 0|| 0|| 0|| 0|| 0|| 0|| 0|| 0|| 0|| 0|| 0|| 0|| 0|| 0|| 0|| 0|| 0|| 0|| 0|| 0|| 0|| 0|| 0|| 0|| 0|| 0|| 0|| 0|| 0|| 0|| 0|| 0|| 0|| 0|| 0|| 0|| 0|| 0|| 0|| 0|| 0|| 0|| 0|| 0|| 0|| 0|| 0|| 0|| 0|| 0|| 0|| 0|| 0|| 0|| 0|| 0|| 0|| 0|| 0|| 0|| 0|| 0|| 0|| 0|| 0|| 0|| 0|| 0|| 0|| 0|| 0|| 0|| 0|| 0|| 0|| 0|| 0|| 0|| 0|| 0|| 0|| 0|| 0|| 0|| 0|| 0|| 0|| 0|| 0|| 0|| 0|| 0|| 0|| 0|| 0|| 0|| 0|| 0|| 0|| 0|| 0|| 0|| 0|| 0|| 0|| 0|| 0|| 0|| 0|| 0|| 0|| 0|| 0|| 0|| 0|| 0|| 0|| 0|| 0|| 0|| 0|| 0|| 0|| 0|| 0|| 0|| 0|| 0|| 0|| 0|| 0|| 0|| 0|| 0|| 0|| 0|| 0|| 0|| 0|| 0|| 0|| 0|| 0|| 0|| 0|| 0|| 0|| 0|| 0|| 0|| 0|| 0|| 0|| 0|| 0|| 0|| 0|| 0|| 0|| 0|| 0|| 0|| 0|| 0|| 0|| 0|| 0|| 0|| 0|| 0|| 0|| 0|| 0|| 0|| 0|| 0|| 0|| 0|| 0|| 0|| 0|| 0|| 0|| 0|| 0|| 0|| 0|| 0|| 0|| 0|| 0|| 0|| 0|| 0|| 0|| 0|| 0|| 0|| 0|| 0|| 0|| 0|| 0|| 0|| 0|| 0|| 0|| 0|| 0|| 0|| 0|| 0|| 0|| 0|| 0|| 0|| 0|| 0|| 0|| 0|| 0|| 0|| 0|| 0|| 0|| 0|| 0|| 0|| 0|| 0|| 0|| 0|| 0|| 0|| 0|| 0|| 0|| 0|| 0|| 0|| 0|| 0|| 0|| 0|| 0|| 0|| 0|| 0|| 
0|| 0|| 21|| 0|| 0|| 0|| 0|| 0|| 0|| 0|| 0|| 0|| 0|| 0|| 0|| 0|| 0|| 0|| 0|| 0|| 0|| 0|| 0|| 0|| 0|| 0|| 0|| 0|| 0|| 0|| 0|| 0|| 0|| 0|| 0|| 0|| 0|| 0|| 0|| 0|| 0|| 0|| 0|| 0|| 0|| 0|| 0|| 0|| 0|| 0|| 0|| 0|| 0|| 0|| 0|| 0|| 0|| 0|| 0|| 0|| 0|| 0|| 0|| 0|| 0|| 0|| 0|| 0|| 0|| 0|| 0|| 0|| 0|| 0|| 0|| 0|| 0|| 0|| 0|| 0|| 0|| 0|| 0|| 0|| 0|| 0|| 0|| 0|| 0|| 0|| 0|| 0|| 0|| 0|| 0|| 0|| 0|| 0|| 0|| 0|| 0|| 0|| 0|| 0|| 0|| 0|| 0|| 0|| 0|| 0|| 0|| 0|| 0|| 0|| 0|| 0|| 0|| 0|| 0|| 0|| 0|| 0|| 0|| 0|| 0|| 0|| 0|| 0|| 0|| 0|| 0|| 0|| 0|| 0|| 0|| 0|| 0|| 0|| 0|| 0|| 0|| 0|| 0|| 0|| 0|| 0|| 0|| 0|| 0|| 0|| 0|| 0|| 0|| 0|| 0|| 0|| 0|| 0|| 0|| 0|| 0|| 0|| 0|| 0|| 0|| 0|| 0|| 0|| 0|| 0|| 0|| 0|| 0|| 0|| 0|| 0|| 0|| 0|| 0|| 0|| 0|| 0|| 0|| 0|| 0|| 0|| 0|| 0|| 0|| 0|| 0|| 0|| 0|| 0|| 0|| 0|| 0|| 0|| 0|| 0|| 0|| 0|| 0|| 0|| 0|| 0|| 0|| 0|| 0|| 0|| 0|| 0|| 0|| 0|| 0|| 0|| 0|| 0|| 0|| 0|| 0|| 0|| 0|| 0|| 0|| 0|| 0|| 0|| 0|| 0|| 0|| 0|| 0|| 0|| 0|| 0|| 0|| 0|| 0|| 0|| 0|| 0|| 0|| 0|| 0|| 0|| 0|| 0|| 0|| 0|| 0|| 0|| 0|| 0|| 0|| 0|| 0|| 0|| 0|| 0|| 0|| 0|| 0|| 0|| 0|| 0|| 0|| 0|| 0|| 0|| 0|| 0|| 0|| 0|| 0|| 0|| 0|| 0|| 0|| 0|| 0|| 0|| 0|| 0|| 0|| 0|| 0|| 0|| 0|| 0|| 0|| 0|| 0|| 0|| 0|| 0|| 0|| 0|| 0|| 0|| 0|| 0|| 0|| 0|| 0|| 0|| 0|| 0|| 0|| 0|| 0|| 0|| 0|| 0|| 0|| 0|| 0|| 0|| 0|| 0|| 0|| 0|| 0|| 0|| 0|| 0|| 0|| 0|| 0|| 0|| 0|| 0|| 0|| 0|| 0|| 0|| 0|| 0|| 0|| 0|| 0|| 0|| 0|| 0|| 0|| 0|| 0|| 0|| 0|| 0|| 0|| 0|| 0|| 0|| 0|| 0|| 0|| 0|| 0|| 0|| 0|| 0|| 0|| 0|| 0|| 0|| 0|| 0|| 0|| 0|| 0|| 0|| 0|| 0|| 0|| 0|| 0|| 0|| 0|| 0|| 0|| 0|| 0|| 0|| 0|| 0|| 0|| 0|| 0|| 0|| 0|| 0|| 0|| 0|| 0|| 0|| 0|| 0|| 0|| 0|| 0|| 0|| 0|| 0|| 0|| 0|| 0|| 0|| 0|| 0|| 0|| 0|| 0|| 0|| 0|| 0|| 0|| 0|| 0|| 0|| 0|| 0|| 0|| 0|| 0|| 0|| 0|| 0|| 0|| 0|| 0|| 0|| 0|| 0|| 0|| 0|| 0|| 0|| 0|| 0|| 0|| 0|| 0|| 0|| 0|| 0|| 0|| 0|| 0|| 0|| 0|| 0|| 0|| 0|| 0|| 0|| 0|| 0|| 0|| 0|| 0|| 0|| 0|| 0|| 0|| 0|| 0|| 0|| 0|| 0|| 0|| 0|| 0|| 0|| 0|| 0|| 0|| 0|| 0|| 0|| 0|| 0|| 0|| 0|| 0|| 0|| 0|| 0|| 0|| 0|| 0|| 0|| 0|| 0|| 0|| 0|| 0|| 0|| 0|| 0|| 0|| 0|| 0|| 0|| 0|| 0|| 0|| 0|| 0|| 0|| 0|| 0|| 0|| 0|| 0|| 0|| 0|| 0|| 0|| 0|| 0|| 0|| 0|| 0|| 0|| 0|| 0|| 0|| 0|| 0|| 0|| 0|| 0|| 0|| 0|| 0|| 0|| 0|| 0|| 0|| 0|| 0|| 0|| 0|| 0|| 0|| 0|| 0|| 0|| 0|| 0|| 0|| 0|| 0|| 0|| 0|| 0|| 0|| 0|| 0|| 0|| 0|| 0|| 0|| 0|| 0|| 0|| 0|| 0|| 0|| 0|| 0|| 0|| 0|| 0|| 0|| 0|| 0|| 0|| 0|| 0|| 0|| 0|| 0|| 0|| 0|| 0|| 0|| 0|| 0|| 0|| 0|| 0|| 0|| 0|| 0|| 0|| 0|| 0|| 0|| 0|| 0|| 0|| 0|| 0|| 0|| 0|| 0|| 0|| 0|| 0|| 0|| 0|| 0|| 0|| 0|| 0|| 0|| 0|| 0|| 0|| 0|| 0|| 0|| 0|| 0|| 0|| 0|| 0|| 0|| 0|| 0|| 0|| 0|| 0|| 0|| 0|| 0|| 0|| 0|| 0|| 0|| 0|| 0|| 0|| 0|| 0|| 0|| 0|| 0|| 0|| 0|| 0|| 0|| 0|| 0|| 0|| 0|| 0|| 0|| 0|| 0|| 0|| 0|| 0|| 0|| 0|| 0|| 0|| 0|| 0|| 0|| 0|| 0|| 0|| 0|| 0|| 0|| 0|| 0|| 0|| 0|| 0|| 0|| 0|| 0|| 0|| 0|| 0|| 0|| 0|| 0|| 0|| 0|| 0|| 0|| 0|| 0|| 0|| 0|| 0|| 0|| 0|| 0|| 0|| 0|| 0|| 0|| 0|| 0|| 0|| 0|| 0|| 0|| 0|| 0|| 0|| 0|| 0|| 0|| 0|| 0|| 0|| 0|| 0|| 0|| 0|| 0|| 0|| 0|| 0|| 0|| 0|| 0|| 0|| 0|| 0|| 0|| 0|| 0|| 0|| 0|| 0|| 0|| 0|| 0|| 0|| 0|| 0|| 0|| 0|| 0|| 0|| 0|| 0|| 0|| 0|| 0|| 0|| 0|| 0|| 0|| 0|| 0|| 0|| 0|| 0|| 0|| 0|| 0|| 0|| 0|| 0|| 0|| 0|| 0|| 0|| 0|| 0|| 0|| 0|| 0|| 0|| 0|| 0|| 0|| 0|| 0|| 0|| 0|| 0|| 0|| 0|| 0|| 0|| 0|| 0|| 0|| 0|| 0|| 0|| 0|| 0|| 0|| 0|| 0|| 0|| 0|| 0|| 0|| 0|| 0|| 0|| 0|| 0|| 0|| 0|| 0|| 0|| 0|| 0|| 0|| 0|| 0|| 0|| 0|| 0|| 0|| 0|| 0|| 0|| 0|| 0|| 0|| 0|| 0|| 0|| 0|| 0|| 0|| 0|| 0|| 0|| 0|| 0|| 0|| 0|| 0|| 0|| 0|| 0|| 0|| 0|| 0|| 0|| 0|| 0|| 0|| 0|| 0|| 0|| 0|| 0|| 0|| 0|| 0|| 0|| 0|| 0|| 0|| 0|| 0|| 0|| 0|| 0|| 0|| 0|| 0|| 0|| 0|| 0|| 0|| 0|| 0|| 0|| 0|| 0|| 0|| 0|| 0|| 0|| 0|| 0|| 0|| 0|| 0|| 0|| 0|| 0|| 0|| 0|| 0|| 0|| 0|| 0|| 0|| 0|| 0|| 0|| 0|| 0|| 0|| 0|| 0|| 0|| 0|| 0|| 0|| 0|| 0|| 0|| 0|| 0|| 0|| 0|| 0|| 0|| 0|| 0|| 0|| 0|| 0|| 0|| 0|| 0|| 0|| 0|| 0|| 0|| 0|| 0|| 0|| 0|| 0|| 0|| 0|| 0|| 0|| 0|| 0|| 0|| 0|| 0|| 0|| 0|| 0|| 0|| 0|| 0|| 0|| 0|| 0|| 0|| 0|| 0|| 0|| 0|| 0|| 0|| 0|| 0|| 0|| 0|| 0|| 0|| 0|| 0|| 0|| 0|| 0|| 0|| 0|| 0|| 0|| 0|| 0|| 0|| 0|| 0|| 0|| 0|| 0|| 0|| 0|| 0|| 0|| 0|| 0|| 0|| 0|| 0|| 0|| 0|| 0|| 0|| 0|| 0|| 0|| 0|| 0|| 0|| 0|| 0|| 0|| 0|| 0|| 0|| 0|| 0|| 0|| 0|| 0|| 0|| 0|| 0|| 0|| 0|| 0|| 0|| 0|| 0|| 0|| 0|| 0|| 0|| 0|| 0|| 0|| 0|| 0|| 0|| 0|| 0|| 0|| 0|| 0|| 0|| 0|| 0|| 0|| 0|| 0|| 0|| 0|| 0|| 0|| 0|| 0|| 0|| 0|| 0|| 0|| 0|| 0|| 0|| 0|| 0|| 0|| 0|| 0|| 0|| 0|| 0|| 0|| 0|| 0|| 0|| 0|| 0|| 0|| 0|| 0|| 0|| 0|| 0|| 0|| 0|| 0|| 0|| 0|| 0|| 0|| 0|| 0|| 0|| 0|| 0|| 0|| 0|| 0|| 0|| 0|| 0|| 0|| 0|| 0|| 0|| 0|| 0|| 0|| 0|| 0|| 0|| 0|| 0|| 0|| 0|| 0|| 0|| 0|| 0|| 0|| 0|| 0|| 0|| 0|| 0|| 0|| 0|| 0|| 0|| 0|| 0|| 0|| 0|| 0|| 0|| 0|| 0|| 0|| 0|| 0|| 0|| 0|| 0|| 0|| 0|| 0|| 0|| 0|| 0|| 0|| 0|| 0|| 0|| 0|| 0|| 0|| 0|| 0|| 0|| 0|| 0|| 0|| 0|| 0|| 0|| 0|| 0|| 0|| 0|| 0|| 0|| 0|| 0|| 0|| 0|| 0|| 0|| 0|| 0|| 0|| 0|| 0|| 0|| 0|| 0|| 0|| 0|| 0|| 0|| 0|| 0|| 0|| 0|| 0|| 0|| 0|| 0|| 0|| 0|| 0|| 0|| 0|| 0|| 0|| 0|| 0|| 0|| 0|| 0|| 0|| 0|| 0|| 0|| 0|| 0|| 0|| 0|| 0|| 0|| 0|| 0|| 0|| 0|| 0|| 0|| 0|| 0|| 0|| 0|| 0|| 0|| 0|| 0|| 0|| 0|| 0|| 0|| 0|| 0|| 0|| 0|| 0|| 0|| 0|| 0|| 0|| 0|| 0|| 0|| 0|| 0|| 0|| 0|| 0|| 0|| 0|| 0|| 0|| 0|| 0|| 0|| 0|| 0|| 0|| 0|| 0|| 0|| 0|| 0|| 0|| 0|| 0|| 0|| 0|| 0|| 0|| 0|| 0|| 0|| 0|| 0|| 0|| 0|| 0|| 0|| 0|| 0|| 0|| 0|| 0|| 0|| 0|| 0|| 0|| 0|| 0|| 0|| 0|| 0|| 0|| 0|| 0|| 0|| 0|| 0|| 0|| 0|| 0|| 0|| 0|| 0|| 0|| 0|| 0|| 0|| 0|| 0|| 0|| 0|| 0|| 0|| 0|| 0|| 0|| 0|| 0|| 0|| 0|| 0|| 0|| 0|| 0|| 0|| 0|| 0|| 0|| 0|| 0|| 0|| 0|| 0|| 0|| 0|| 0|| 0|| 0|| 0|| 0|| 0|| 0|| 0|| 0|| 0|| 0|| 0|| 0|| 0|| 0|| 0|| 0|| 0|| 0|| 0|| 0|| 0|| 0|| 0|| 0|| 0|| 0|| 0|| 0|| 0|| 0|| 0|| 0|| 0|| 0|| 0|| 0|| 0|| 0|| 0|| 0|| 0|| 0|| 0|| 0|| 0|| 0|| 0|| 0|| 0|| 0|| 0|| 0|| 0|| 0|| 0|| 0|| 0|| 0|| 0|| 0|| 0|| 0|| 0|| 0|| 0|| 0|| 0|| 0|| 0|| 0|| 0|| 0|| 0|| 0|| 0|| 0|| 0|| 0|| 0|| 0|| 0|| 0|| 0|| 0|| 0|| 0|| 0|| 0|| 0|| 0|| 0|| 0|| 0|| 0|| 0|| 0|| 0|| 0|| 0|| 0|| 0|| 0|| 0|| 0|| 0|| 0|| 0|| 0|| 0|| 0|| 0|| 0|| 0|| 0|| 0|| 0|| 0|| 0|| 0|| 0|| 0|| 0|| 0|| 0|| 0|| 0|| 0|| 0|| 0|| 0|| 0|| 0|| 0|| 0|| 0|| 0|| 0|| 0|| 0|| 0|| 0|| 0|| 0|| 0|| 0|| 0|| 0|| 0|| 0|| 0|| 0|| 0|| 0|| 0|| 0|| 0|| 0|| 0|| 0|| 0|| 0|| 0|| 0|| 0|| 0|| 0|| 0|| 0|| 0|| 0|| 0|| 0|| 0|| 0|| 0|| 0|| 0|| 0|| 0|| 0|| 0|| 0|| 0|| 0|| 0|| 0|| 0|| 0|| 0|| 0|| 0|| 0|| 0|| 0|| 0|| 0|| 0|| 0|| 0|| 0|| 0|| 0|| 0|| 0|| 0|| 0|| 0|| 0|| 0|| 0|| 0|| 0|| 0|| 0|| 0|| 0|| 0|| 0|| 0|| 0|| 0|| 0|| 0|| 0|| 0|| 0|| 0|| 0|| 0|| 0|| 0|| 0|| 0|| 0|| 0|| 0|| 0|| 0|| 0|| 0|| 0|| 0|| 0|| 0|| 0|| 0|| 0|| 0|| 0|| 0|| 0|| 0|| 0|| 0|| 0|| 0|| 0|| 0|| 0|| 0|| 0|| 0|| 0|| 0|| 0|| 0|| 0|| 0|| 0|| 0|| 0|| 0|| 0|| 0|| 0|| 0|| 0|| 0|| 0|| 0|| 0|| 0|| 0|| 0|| 0|| 0|| 0|| 0|| 0|| 0|| 0|| 0|| 0|| 0|| 0|| 0|| 0|| 0|| 0|| 0|| 0|| 0|| 0|| 0|| 0|| 0|| 0|| 0|| 0|| 0|| 0|| 0|| 0|| 0|| 0|| 0|| 0|| 0|| 0|| 0|| 0|| 0|| 0|| 0|| 0|| 0|| 0|| 0|| 0|| 0|| 0|| 0|| 0|| 0|| 0|| 0|| 0|| 0|| 0|| 0|| 0|| 0|| 0|| 0|| 0|| 0|| 0|| 0|| 0|| 0|| 0|| 0|| 0|| 0|| 0|| 0|| 0|| 0|| 0|| 0|| 0|| 0|| 0|| 0|| 0|| 0|| 0|| 0|| 0|| 0|| 0|| 0|| 0|| 0|| 0|| 0|| 0|| 0|| 0|| 0|| 0|| 0|| 0|| 0|| 0|| 0|| 0|| 0|| 0|| 0|| 0|| 0|| 0|| 0|| 0|| 0|| 0|| 0|| 0|| 0|| 0|| 0|| 0|| 0|| 0|| 0|| 0|| 0|| 0|| 0|| 0|| 0|| 0|| 0|| 0|| 0|| 0|| 0|| 0|| 0|| 0|| 0|| 0|| 0|| 0|| 0|| 0|| 0|| 0|| 0|| 0|| 0|| 0|| 0|| 0|| 0|| 0|| 0|| 0|| 0|| 0|| 0|| 0|| 0|| 0|| 0|| 0|| 0|| 0|| 0|| 0|| 0|| 0|| 0|| 0|| 0|| 0|| 0|| 0|| 0|| 0|| 0|| 0|| 0|| 0|| 0|| 0|| 0|| 0|| 0|| 0|| 0|| 0|| 0|| 0|| 0|| 0|| 0|| 0|| 0|| 0|| 0|| 0|| 0|| 0|| 0|| 0|| 0|| 0|| 0|| 0|| 0|| 0|| 0|| 0|| 0|| 0|| 0|| 0|| 0|| 0|| 0|| 0|| 0|| 0|| 0|| 0|| 0|| 0|| 0|| 0|| 0|| 0|| 0|| 0|| 0|| 0|| 0|| 0|| 0|| 0|| 0|| 0|| 0|| 0|| 0|| 0|| 0|| 0|| 0|| 0|| 0|| 0|| 0|| 0|| 0|| 0|| 0|| 0|| 0|| 0|| 0|| 0|| 0|| 0|| 0|| 0|| 0|| 0|| 0|| 0|| 0|| 0|| 0|| 0|| 0|| 0|| 0|| 0|| 0|| 0|| 0|| 0|| 0|| 0|| 0|| 0|| 0|| 0|| 0|| 0|| 0|| 0|| 0|| 0|| 0|| 0|| 0|| 0|| 0|| 0|| 0|| 0|| 0|| 0|| 0|| 0|| 0|| 0|| 0|| 0|| 0|| 0|| 0|| 0|| 0|| 0|| 0|| 0|| 0|| 0|| 0|| 0|| 0|| 0|| 0|| 0|| 0|| 0|| 0|| 0|| 0|| 0|| 0|| 0|| 0|| 0|| 0|| 0|| 0|| 0|| 0|| 0|| 0|| 0|| 0|| 0|| 0|| 0|| 0|| 0|| 0|| 0|| 0|| 0|| 0|| 0|| 0|| 0|| 0|| 0|| 0|| 0|| 0|| 0|| 0|| 0|| 0|| 0|| 0|| 0|| 0|| 0|| 0|| 0|| 0|| 0|| 0|| 0|| 0|| 0|| 0|| 0|| 0|| 0|| 0|| 0|| 0|| 0|| 0|| 0|| 0|| 0|| 0|| 0|| 0|| 0|| 0|| 0|| 0|| 0|| 0|| 0|| 0|| 0|| 0|| 0|| 0|| 0|| 0|| 0|| 0|| 0|| 0|| 0|| 0|| 0|| 0|| 0|| 0|| 0|| 0|| 
0 || 0 || 1 || 0 || 0 || 0 || 0 || 0 || 0 || 0 || 0 || 0 || 0 || 0 || 0 || 0 || 0 || 0 || 0 || 0 || 0 || 0 || 0 || 0 || 0 || 0 || 0 || 0 || 0 || 0 || 0 || 0 || 0 || 0 || 0 || 0 || 0 || 0 || 0 || 0 || 0 || 0 || 0 || 0 || 0 || 0 || 0 || 0 || 0 || 0 || 0 || 0 || 0 || 0 || 0 || 0 || 0 || 0 || 0 || 0 || 0 || 0 || 0 || 0 || 0 || 0 || 0 || 0 || 0 || 0 || 0 || 0 || 0 || 0 || 0 || 0 || 0 || 0 || 0 || 0 || 0 || 0 || 0 || 0 || 0 || 0 || 0 || 0 || 0 || 0 || 0 || 0 || 0 || 0 || 0 || 0 || 0 || 0 || 0 || 0 || 0 || 0 || 0 || 0 || 0 || 0 || 0 || 0 || 0 || 0 || 0 || 0 || 0 || 0 || 0 || 0 || 0 || 0 || 0 || 0 || 0 || 0 || 0 || 0 || 0 || 0 || 0 || 0 || 0 || 0 || 0 || 0 || 0 || 0 || 0 || 0 || 0 || 0 || 0 || 0 || 0 || 0 || 0 || 0 || 0 || 0 || 0 || 0 || 0 || 0 || 0 || 0 || 0 || 0 || 0 || 0 || 0 || 0 || 0 || 0 || 0 || 0 || 0 || 0 || 0 || 0 || 0 || 0 || 0 || 0 || 0 || 0 || 0 || 0 || 0 || 0 || 0 || 0 || 0 || 0 || 0 || 0 || 0 || 0 || 0 || 0 || 0 || 0 || 0 || 0 || 0 || 0 || 0 || 0 || 0 || 0 || 0 || 0 || 0 || 0 || 0 || 0 || 0 || 0 || 0 || 0 || 0 || 0 || 0 || 0 || 0 || 0 || 0 || 0 || 0 || 0 || 0 || 0 || 0 || 0 || 0 || 0 || 0 || 0 || 0 || 0 || 0 || 0 || 0 || 0 || 0 || 0 || 0 || 0 || 0 || 0 || 0 || 0 || 0 || 0 || 0 || 0 || 0 || 0 || 0 || 0 || 0 || 0 || 0 || 0 || 0 || 0 || 0 || 0 || 0 || 0 || 0 || 0 || 0 || 0 || 0 || 0 || 0 || 0 || 0 || 0 || 0 || 0 || 0 || 0 || 0 || 0 || 0 || 0 || 0 || 0 || 0 || 0 || 0 || 0 || 0 || 0 || 0 || 0 || 0 || 0 || 0 || 0 || 0 || 0 || 0 || 0 || 0 || 0 || 0 || 0 || 0 || 0 || 0 || 0 || 0 || 0 || 0 || 0 || 0 || 0 || 0 || 0 || 0 || 0 || 0 || 0 || 0 || 0 || 0 || 0 || 0 || 0 || 0 || 0 || 0 || 0 || 0 || 0 || 0 || 0 || 0 || 0 || 0 || 0 || 0 || 0 || 0 || 0 || 0 || 0 || 0 || 0 || 0 || 0 || 0 || 0 || 0 || 0 || 0 || 0 || 0 || 0 || 0 || 0 || 0 || 0 || 0 || 0 || 0 || 0 || 0 || 0 || 0 || 0 || 0 || 0 || 0 || 0 || 0 || 0 || 0 || 0 || 0 || 0 || 0 || 0 || 0 || 0 || 0 || 0 || 0 || 0 || 0 || 0 || 0 || 0 || 0 || 0 || 0 || 0 || 0 || 0 || 0 || 0 || 0 || 0 || 0 || 0 || 0 || 0 || 0 || 0 || 0 || 0 || 0 || 0 || 0 || 0 || 0 || 0 || 0 || 0 || 0 || 0 || 0 || 0 || 0 || 0 || 0 || 0 || 0 || 0 || 0 || 0 || 0 || 0 || 0 || 0 || 0 || 0 || 0 || 0 || 0 || 0 || 0 || 0 || 0 || 0 || 0 || 0 || 0 || 0 || 0 || 0 || 0 || 0 || 0 || 0 || 0 || 0 || 0 || 0 || 0 || 0 || 0 || 0 || 0 || 0 || 0 || 0 || 0 || 0 || 0 || 0 || 0 || 0 || 0 || 0 || 0 || 0 || 0 || 0 || 0 || 0 || 0 || 0 || 0 || 0 || 0 || 0 || 0 || 0 || 0 || 0 || 0 || 0 || 0 || 0 || 0 || 0 || 0 || 0 || 0 || 0 || 0 || 0 || 0 || 0 || 0 || 0 || 0 || 0 || 0 || 0 || 0 || 0 || 0 || 0 || 0 || 0 || 0 || 0 || 0 || 0 || 0 || 0 || 0 || 0 || 0 || 0 || 0 || 0 || 0 || 0 || 0 || 0 || 0 || 0 || 0 || 0 || 0 || 0 || 0 || 0 || 0 || 0 || 0 || 0 || 0 || 0 || 0 || 0 || 0 || 0 || 0 || 0 || 0 || 0 || 0 || 0 || 0 || 0 || 0 || 0 || 0 || 0 || 0 || 0 || 0 || 0 || 0 || 0 || 0 || 0 || 0 || 0 || 0 || 0 || 0 || 0 || 0 || 0 || 0 || 0 || 0 || 0 || 0 || 0 || 0 || 0 || 0 || 0 || 0 || 0 || 0 || 0 || 0 || 0 || 0 || 0 || 0 || 0 || 0 || 0 || 0 || 0 || 0 || 0 || 0 || 0 || 0 || 0 || 0 || 0 || 0 || 0 || 0 || 0 || 0 || 0 || 0 || 0 || 0 || 0 || 0 || 0 || 0 || 0 || 0 || 0 || 0 || 0 || 0 || 0 || 0 || 0 || 0 || 0 || 0 || 0 || 0 || 0 || 0 || 0 || 0 || 0 || 0 || 0 || 0 || 0 || 0 || 0 || 0 || 0 || 0 || 0 || 0 || 0 || 0 || 0 || 0 || 0 || 0 || 0 || 0 || 0 || 0 || 0 || 0 || 0 || 0 || 0 || 0 || 0 || 0 || 0 || 0 || 0 || 0 || 0 || 0 || 0 || 0 || 0 || 0 || 0 || 0 || 0 || 0 || 0 || 0 || 0 || 0 || 0 || 0 || 0 || 0 || 0 || 0 || 0 || 0 || 0 || 0 || 0 || 0 || 0 || 0 || 0 || 0 || 0 || 0 || 0 || 0 || 0 || 0 || 0 || 0 || 0 || 0 || 0 || 0 || 0 || 0 || 0 || 0 || 0 || 0 || 0 || 0 || 0 || 0 || 0 || 0 || 0 || 0 || 0 || 0 || 0 || 0 || 0 || 0 || 0 || 0 || 0 || 0 || 0 || 0 || 0 || 0 || 0 || 0 || 0 || 0 || 0 || 0 || 0 || 0 || 0 || 0 || 0 || 0 || 0 || 0 || 0 || 0 || 0 || 0 || 0 || 0 || 0 || 0 || 0 || 0 || 0 || 0 || 0 || 0 || 0 || 0 || 0 || 0 || 0 || 0 || 0 || 0 || 0 || 0 || 0 || 0 || 0 || 0 || 0 || 0 || 0 || 0 || 0 || 0 || 0 || 0 || 0 || 0 || 0 || 0 || 0 || 0 || 0 || 0 || 0 || 0 || 0 || 0 || 0 || 0 || 0 || 0 || 0 || 0 || 0 || 0 || 0 || 0 || 0 || 0 || 0 || 0 || 0 || 0 || 0 || 0 || 0 || 0 || 0 || 0 || 0 || 0 || 0 || 0 || 0 || 0 || 0 || 0 || 0 || 0 || 0 || 0 || 0 || 0 || 0 || 0 || 0 || 0 || 0 || 0 || 0 || 0 || 0 || 0 || 0 || 0 || 0 || 0 || 0 || 0 || 0 || 0 || 0 || 0 || 0 || 0 || 0 || 0 || 0 || 0 || 0 || 0 || 0 || 0 || 0 || 0 || 0 || 0 || 0 || 0 || 0 || 0 || 0 || 0 || 0 || 0 || 0 || 0 || 0 || 0 || 0 || 0 || 0 || 0 || 0 || 0 || 0 || 0 || 0 || 0 || 0 || 0 || 0 || 0 || 0 || 0 || 0 || 0 || 0 || 0 || 0 || 0 || 0 || 0 || 0 || 0 || 0 || 0 || 0 || 0 || 0 || 0 || 0 || 0 || 0 || 0 || 0 || 0 || 0 || 0 || 0 || 0 || 0 || 0 || 0 || 0 || 0 || 0 || 0 || 0 || 0 || 0 || 0 || 0 || 0 || 0 || 0 || 0 || 0 || 0 || 0 || 0 || 0 || 0 || 0 || 0 || 0 || 0 || 0 || 0 || 0 || 0 || 0 || 0 || 0 || 0 || 0 || 0 || 0 || 0 || 0 || 0 || 0 || 0 || 0 || 0 || 0 || 0 || 0 || 0 || 0 || 0 || 0 || 0 || 0 || 0 || 0 || 0 || 0 || 0 || 0 || 0 || 0 || 0 || 0 || 0 || 0 || 0 || 0 || 0 || 0 || 0 || 0 || 0 || 0 || 0 || 0 || 0 || 0 || 0 || 0 || 0 || 0 || 0 || 0 || 0 || 0 || 0 || 0 || 0 || 0 || 0 || 0 || 0 || 0 || 0 || 0 || 0 || 0 || 0 || 0 || 0 || 0 || 0 || 0 || 0 || 0 || 0 || 0 || 0 || 0 || 0 || 0 || 0 || 0 || 0 || 0 || 0 || 0 || 0 || 0 || 0 || 0 || 0 || 0 || 0 || 0 || 0 || 0 || 0 || 0 || 0 || 0 || 0 || 0 || 0 || 0 || 0 || 0 || 0 || 0 || 0 || 0 || 0 || 0 || 0 || 0 || 0 || 0 || 0 || 0 || 0 || 0 || 0 || 0 || 0 || 0 || 0 || 0 || 0 || 0 || 0 || 0 || 0 || 0 || 0 || 0 || 0 || 0 || 0 || 0 || 0 || 0 || 0 || 0 || 0 || 0 || 0 || 0 || 0 || 0 || 0 || 0 || 0 || 0 || 0 || 0 || 0 || 0 || 0 || 0 || 0 || 0 || 0 || 0 || 0 || 0 || 0 || 0 || 0 || 0 || 0 || 0 || 0 || 0 || 0 || 0 || 0 || 0 || 0 || 0 || 0 || 0 || 0 || 0 || 0 || 0 || 0 || 0 || 0 || 0 || 0 || 0 || 0 || 0 || 0 || 0 || 0 || 0 || 0 || 0 || 0 || 0 || 0 || 0 || 0 || 0 || 0 || 0 || 0 || 0 || 0 || 0 || 0 || 0 || 0 || 0 || 0 || 0 || 0 || 0 || 0 || 0 || 0 || 0 || 0 || 0 || 0 || 0 || 0 || 0 || 0 || 0 || 0 || 0 || 0 || 0 || 0 || 0 || 0 || 0 || 0 || 0 || 0 || 0 || 0 || 0 || 0 || 0 || 0 || 0 || 0 || 0 || 0 || 0 || 0 || 0 || 0 || 0 || 0 || 0 || 0 || 0 || 0 || 0 || 0 || 0 || 0 || 0 || 0 || 0 || 0 || 0 || 0 || 0 || 0 || 0 || 0 || 0 || 0 || 0 || 0 || 0 || 0 || 0 || 0 || 0 || 0 || 0 || 0 || 0 || 0 || 0 || 0 || 0 || 0 || 0 || 0 || 0 || 0 || 0 || 0 || 0 || 0 || 0 || 0 || 0 || 0 || 0 || 0 || 0 || 0 || 0 || 0 || 0 || 0 || 0 || 0 || 0 || 0 || 0 || 0 || 0 || 0 || 0 || 0 || 0 || 0 || 0 || 0 || 0 || 0 || 0 || 0 || 0 || 0 || 0 || 0 || 0 || 0 || 0 || 0 || 0 || 0 || 0 || 0 || 0 || 0 || 0 || 0 || 0 || 0 || 0 || 0 || 0 || 0 || 0 || 0 || 0 || 0 || 0 || 0 || 0 || 0 || 0 || 0 || 0 || 0 || 0 || 0 || 0 || 0 || 0 || 0 || 0 || 0 || 0 || 0 || 0 || 0 || 0 || 0 || 0 || 0 || 0 || 0 || 0 || 0 || 0 || 0 || 0 || 0 || 0 || 0 || 0 || 0 || 0 || 0 || 0 || 0 || 0 || 0 || 0 || 0 || 0 || 0 || 0 || 0 || 0 || 0 || 0 || 0 || 0 || 0 || 0 || 0 || 0 || 0 || 0 || 0 || 0 || 0 || 0 || 0 || 0 || 0 || 0 || 0 || 0 || 0 || 0 || 0 || 0 || 0 || 0 || 0 || 0 || 0 || 0 || 0 || 0 || 0 || 0 || 0 || 0 || 0 || 0 || 0 || 0 || 0 || 0 || 0 || 0 || 0 || 0 || 0 || 0 || 0 || 0 || 0 || 0 || 0 || 0 || 0 || 0 || 0 || 0 || 0 || 0 || 0 || 0 || 0 || 0 || 0 || 0 || 0 || 0 || 0 || 0 || 0 || 0 || 0 || 0 || 0 || 0 || 0 || 0 || 0 || 0 || 0 || 0 || 0 || 0 || 0 || 0 || 0 || 0 || 0 || 0 || 0 || 0 || 0 || 0 || 0 || 0 || 0 || 0 || 0 || 0 || 0 || 0 || 0 || 0 || 0 || 0 || 0 || 0 || 0 || 0 || 0 || 0 || 0 || 0 || 0 || 0 || 0 || 0 || 0 || 0 || 0 || 0 || 0 || 0 || 0 || 0 || 0 || 0 || 0 || 0 || 0 || 0 || 0 || 0 || 0 || 0 || 0 || 0 || 0 || 0 || 0 || 0 || 0 || 0 || 0 || 0 || 0 || 0 || 0 || 0 || 0 || 0 || 0 || 0 || 0 || 0 || 0 || 0 || 0 || 0 || 0 || 0 || 0 || 0 || 0 || 0 || 0 || 0 || 0 || 0 || 0 || 0 || 0 || 0 || 0 || 0 || 0 || 0 || 0 || 0 || 0 || 0 || 0 || 0 || 0 || 0 || 0 || 0 || 0 || 0 || 0 || 0 || 0 || 0 || 0 || 0 || 0 || 0 || 0 || 0 || 0 || 0 || 0 || 0 || 0 || 0 || 0 || 0 || 0 || 0 || 0 || 0 || 0 || 0 || 0 || 0 || 0 || 0 || 0 || 0 || 0 || 0 || 0 || 0 || 0 || 0 || 0 || 0 || 0 || 0 || 0 || 0 || 0 || 0 || 0 || 0 || 0 || 0 || 0 || 0 || 0 || 0 || 0 || 0 || 0 || 0 || 0 || 0 || 0 || 0 || 0 || 0 || 0 || 0 || 0 || 0 || 0 || 0 || 0 || 0 || 0 || 0 || 0 || 0 || 0 || 0 || 0 || 0 || 0 || 0 || 0 || 0 || 0 || 0 || 0 || 0 || 0 || 0 || 0 || 0 || 0 || 0 || 0 || 0 || 0 || 0 || 0 || 0 || 0 || 0 || 0 || 0 || 0 || 0 || 0 || 0 || 0 || 0 || 0 || 0 || 0 || 0 || 0 || 0 || 0 || 0 || 0 || 0 || 0 || 0 || 0 || 0 || 0 || 0 || 0 || 0 || 0 || 0 || 0 || 0 || 0 || 0 || 0 || 0 || 0 || 0 || 0 || 0 || 0 || 0 || 0 || 0 || 0 || 0 || 0 || 0 || 0 || 0 || 0 || 0 || 0 || 0 || 0 || 0 || 0 || 0 || 0 || 0 || 0 || 0 || 0 || 0 || 0 || 0 || 0 || 0 || 0 || 0 || 0 || 0 || 0 || 0 || 0 || 0 || 0 || 0 || 0 || 0 || 0 || 0 || 0 || 0 || 0 || 0 || 0 || 0 || 0 || 0 || 0 || 0 || 0 || 0 || 0 || 0 || 0 || 0 || 0 || 0 || 0 || 0 || 0 || 0 || 0 || 0 || 0 || 0 || 0 || 0 || 0 || 0 || 0 || 0 || 0 || 0 || 0 || 0 || 0 || 0 || 0 || 0 || 0 || 0 || 0 || 0 || 0 || 0 || 0 || 0 || 0 || 0 || 0 || 0 || 0 || 0 || 0 || 0 || 0 || 0 || 0 || 0 || 0 || 0 || 0 || 0 || 0 || 0 || 0 || 0 || 0 || 0 || 0 || 0 || 0 || 0 || 0 || 0 || 0 || 0 || 0 || 0 || 0 || 0 || 0 || 0 || 0 || 0 || 0 || 0 || 0 || 0 || 0 || 0 || 0 || 0 || 0 || 0 || 0 || 0 || 0 || 0 || 0 || 0 || 0 || 0 || 0 || 0 || 0 || 0 || 0 || 0 || 0 || 0 || 0 || 0 || 0 || 0 || 0 || 0 || 0 || 0 || 0 || 0 || 0 || 0 || 0 || 0 || 0 || 0 || 0 || 0 || 0 || 0 || 0 || 0 || 0 || 0 || 0 || 0 || 0 || 0 || 0 || 0 || 0 || 0 || 0 || 0 || 0 || 0 || 0 || 0 || 0 || 0 || 0 || 0 || 0 || 0 || 0 || 0 || 0 || 0 || 0 || 0 || 0 || 0 || 0 || 0 || 0 || 0 || 0 || 0 || 0 || 0 || 0 || 0 || 0 || 0 || 0 || 0 || 0 || 0 || 0 || 0 || 0 || 0 || 0 || 0 || 0 || 0 || 0 || 0 || 0 || 0 || 0 || 0 || 0 || 0 || 0 || 0 || 0 || 0 || 0 || 0 || 0 || 0 || 0 || 0 || 0 || 0 || 0 || 0 || 0 || 0 || 0 || 0 || 0 || 0 || 0 || 0 || 0 || 0 || 0 || 0 || 0 || 0 || 0 || 0 || 0 || 0 || 0 || 0 || 0 || 0 || 0 || 0 || 0 || 0 || 0 || 0 || 0 || 0 || 0 || 0 || 0 || 0 || 0 || 0 || 0 || 0 || 0 || 0 || 0 || 0 || 0 || 0 || 0 || 0 || 0 || 0 || 0 || 0 || 0 || 0 || 0 || 0 || 0 || 0 || 0 || 0 || 0 || 0 || 0 || 0 || 0 || 0 || 0 || 0 || 0 || 0 || 0 || 0 || 0 || 0 || 0 || 0 || 0 || 0 || 0 || 0 || 0 || 0 || 0 || 0 || 0 || 0 || 0 || 0 || 0 || 0 || 0 || 0 || 0 || 0 || 0 || 0 || 0 || 0 || 0 || 0 || 0 || 0 || 0 || 0 || 0 || 0 || 0 || 0 || 0 || 0 || 0 || 0 || 0 || 0 || 0 || 0 || 0 || 0 || 0 || 0 || 0 || 0 || 0 || 0 || 0 || 0 || 0 || 0 || 0 || 0 || 0 || 0 || 0 || 0 || 0 || 0 || 0 || 0 || 0 || 0 || 0 || 0 || 0 || 0 || 0 || 0 || 0 || 0 || 0 || 0 || 0 || 0 || 0 || 0 || 0 || 0 || 0 || 0 || 0 || 0 || 0 || 0 || 0 || 0 || 0 || 0 || 0 || 0 || 0 || 0 || 0 || 0 || 0 || 0 || 0 || 0 || 0 || 0 || 0 || 0 || 0 || 0 || 0 || 0 || 0 || 0 || 0 || 0 || 0 || 0 || 0 || 0 || 0 || 0 || 0 || 0 || 0 || 0 || 0 || 0 || 0 || 0 || 0 || 0 || 0 || 0 || 0 || 0 || 0 || 0 || 0 || 0 || 0 || 0 || 0 || 0 || 0 || 0 || 0 || 0 || 0 || 0 || 0 || 0 || 0 || 0 || 0 || 0 || 0 || 0 || 0 || 0 || 0 || 0 || 0 || 0 || 0 || 0 || 0 || 0 || 0 || 0 || 0 || 0 || 0 || 0 || 0 || 0 || 0 || 0 || 0 || 0 || 0 || 0 || 0 || 0 || 0 || 0 || 0 || 0 || 0 || 0 || 0 || 0 || 0 || 0 || 0 || 0 || 0 || 0 || 0 || 0 || 0 || 0 || 0 || 0 || 0 || 0 || 0 || 0 || 0 || 0 || 0 || 0 || 0 || 0 || 0 || 0 || 0 || 0 || 0 || 0 || 0 || 0 || 0 || 0 || 0 || 0 || 0 || 0 || 0 || 0 || 0 || 0 || 0 || 0 || 0 || 0 || 0 || 0 || 0 || 0 || 0 || 0 || 0 || 0 || 0 || 0 || 0 || 0 || 0 || 0 || 0 || 0 || 0 || 0 || 0 || 0 || 0 || 0 || 0 || 0 || 0 || 0 || 0 || 0 || 0 || 0 || 0 || 0 || 0 || 0 || 0 || 0 || 0 || 0 || 0 || 0 || 0 || 0 || 0 || 0 || 0 || 0 || 0 || 0 || 0 || 0 || 0 || 0 || 0 || 0 || 0 || 0 || 0 || 0 || 0 || 0 || 0 || 0 || 0 || 0 || 0 || 0 || 0 || 0 || 0 || 0 || 0 || 0 || 0 || 0 || 0 || 0 || 0 || 0 || 0 || 0 || 0 || 0 || 0 || 0 || 0 || 0 || 0 || 0 || 0 || 0 || 0 || 0 || 0 || 0 || 0 || 0 || 0 || 0 || 0 || 0 || 0 || 0 || 0 || 0 || 0 || 0 || 0 || 0 || 0 || 0 || 0 || 0 || 0 || 0 || 0 || 0 || 0 || 0 || 0 || 0 || 0 || 0 || 0 || 0 || 0 || 0 || 0 || 0 || 0 || 0 || 0 || 0 || 0 || 0 || 0 || 0 || 0 || 0 || 0 || 0 || 0 || 0 || 0 || 0 || 0 || 0 || 0 || 0 || 0 || 0 || 0 || 0 || 0 || 0 || 0 || 0 || 0 || 0 || 0 || 0 || 0 || 0 || 0 || 0 || 0 || 0 || 0 || 0 || 0 || 0 || 0 || 0 || 0 || 0 || 0 || 0 || 0 || 0 || 0 || 0 || 0 || 0 || 0 || 0 || 0 || 0 || 0 || 0 || 0 || 0 || 0 || 0 || 0 || 0 || 0 || 0 || 0 || 0 || 0 || 0 || 0 || 0 || 0 || 0 || 0 || 0 || 0 || 0 || 0 || 0 || 0 || 0 || 0 || 0 || 0 || 0 || 0 || 0 || 0 || 0 || 0 || 0 || 0 || 0 || 0 || 0 || 0 || 0 || 0 || 0 || 0 || 0 || 0 || 0 || 0 || 0 || 0 || 0 || 0 || 0 || 0 || 0 || 0 || 0 || 0 || 0 || 0 || 0 || 0 || 0 || 0 || 0 || 0 || 0 || 0 || 0 || 0 || 0 || 0 || 0 || 0 || 0 || 0 || 0 || 0 || 0 || 0 || 0 || 0 || 0 || 0 || 0 || 0 || 0 || 0 || 0 || 0 || 0 || 0 || 0 || 0 || 0 || 0 || 0 || 0 || 0 || 0 || 0 || 0 || 0 || 0 || 0 || 0 || 0 || 0 || 0 || 0 || 0 || 0 || 0 || 0 || 0 || 0 || 0 || 0 || 0 || 0 || 0 || 0 || 0 || 0 || 0 || 0 || 0 || 0 || 0 || 0 || 0 || 0 || 0 || 0 || 0 || 0 || 0 || 0 || 0 || 0 || 0 || 0 || 0 || 0 || 0 || 0 || 0 || 0 || 0 || 0 || 0 || 0 || 0 || 0 || 0 || 0 || 0 || 0 || 0 || 0 || 0 || 0 || 0 || 0 || 0 || 0 || 0 || 0 || 0 || 0 || 0 || 0 || 0 || 0 || 0 || 0 || 0 || 0 || 0 || 0 || 0 || 0 || 0 || 0 || 0 || 0 || 0 || 0 || 0 || 0 || 0 || 0 || 0 || 0 || 0 || 0 || 0 || 0 || 0 || 0 || 0 || 0 || 0 || 0 || 0 || 0 || 0 || 0 || 0 || 0 || 0 || 0 || 0 || 0 || 0 || 0 || 0 || 0 || 0 || 0 || 0 || 0 || 0 || 0 || 0 || 0 || 0 || 0 || 0 || 0 || 0 || 0 || 0 || 0 || 0 || 0 || 0 || 0 || 0 || 0 || 0 || 0 || 0 || 0 || 0 || 0 || 0 || 0 || 0 || 0 || 0 || 0 || 0 || 0 || 0 || 0 || 0 || 0 || 0 || 0 || 0 || 0 || 0 || 0 || 0 || 0 || 0 || 0 || 0 || 0 || 0 || 0 || 0 || 0 || 0 || 0 || 0 || 0 || 0 || 0 || 0 || 0 || 0 || 0 || 0 || 0 || 0 || 0 || 0 || 0 || 0 || 0 || 0 || 0 || 0 || 0 || 0 || 0 || 0 || 0 || 0 || 0 || 0 || 0 || 0 || 0 || 0 || 0 || 0 || 0 || 0 || 0 || 0 || 0 || 0 || 0 || 0 || 0 || 0 || 0 || 0 || 0 || 0 || 0 || 0 || 0 || 0 || 0 || 0 || 0 || 0 || 0 || 0 || 0 || 0 || 0 || 0 || 0 || 0 || 0 || 0 || 0 || 0 || 0 || 0 || 0 || 0 || 0 || 0 || 0 || 0 || 0 || 0 || 0 || 0 || 0 || 0 || 0 || 0 || 0 || 0 || 0 || 0 || 0 || 0 || 0 || 0 || 0 || 0 || 0 || 0 || 0 || 0 || 0 || 0 || 0 || 0 || 0 || 0 || 0 || 0 || 0 || 0 || 0 || 0 || 0 || 0 || 0 || 0 || 0 || 0 || 0 || 0 || 0 || 0 || 0 || 0 || 0 || 0 || 0 || 0 || 0 || 0 || 0 || 0 || 0 || 0 || 0 || 0 || 0 || 0 || 0 || 0 || 0 || 0 || 0 || 0 || 0 || 0 || 0 || 0 || 0 || 0 || 0 || 0 || 0 || 0 || 0 || 0 || 0 || 0 || 0 || 0 || 0 || 0 || 0 || 0 || 0 || 0 || 0 || 0 || 0 || 0 || 0 || 0 || 0 || 0 || 0 || 0 || 0 || 0 || 0 || 0 || 0 || 0 || 0 || 0 || 0 || 0 || 0 || 0 || 0 || 0 || 0 || 0 || 0 || 0 || 0 || 0 || 0 || 0 || 0 || 0 || 0 || 0 || 0 || 0 || 0 || 0 || 0 || 0 || 0 || 0 || 0 || 0 || 0 || 0 || 0 || 0 || 0 || 0 || 0 || 0 || 0 || 0 || 0 || 0 || 0 || 0 || 0 || 0 || 0 || 0 || 0 || 0 || 0 || 0 || 0 || 0 || 0 || 0 || 0 || 0 || 0 || 0 || 0 || 0 || 0 || 0 || 0 || 0 || 0 || 0 || 0 || 0 || 0 || 0 || 0 || 0 || 0 || 0 || 0 || 0 || 0 || 0 || 0 || 0 || 0 || 0 || 0 || 0 || 0 || 0 || 0 || 0 || 0 || 0 || 0 || 0 || 0 || 0 || 0 || 0 || 0 || 0 || 0 || 0 || 0 || 0 || 0 || 0 || 0 || 0 || 0 || 0 || 0 || 0 || 0 || 0 || 0 || 0 || 0 || 0 || 0 || 0 || 0 || 0 || 0 || 0 || 0 || 0 || 0 || 0 || 0 || 0 || 0 || 0 || 0 || 0 || 0 || 0 || 0 || 0 || 0 || 0 || 0 || 0 || 0 || 0 || 0 || 0 || 0 || 0 || 0 || 0 || 0 || 0 || 0 || 0 || 0 || 0 || 0 || 0 || 0 || 0 || 0 || 0 || 0 || 0 || 0 || 0 || 0 || 0 || 0 || 0 || 0 || 0 || 0 || 0 || 0 || 0 || 0 || 0 || 0 || 0 || 0 || 0 || 0 || 0 || 0 || 0 || 0 || 0 || 0 || 0 || 0 || 0 || 0 || 0 || 0 || 0 || 0 || 0 || 0 || 0 || 0 || 0 || 0 || 0 || 0 || 0 || 0 || 0 || 0 || 0 || 0 || 0 || 0 || 0 || 0 || 0 || 0 || 0 || 0 || 0 || 0 || 0 || 0 || 0 || 0 || 0 || 0 || 0 || 0 || 0 || 0 || 0 || 0 || 0 || 0 || 0 || 0 || 0 || 0 || 0 || 0 || 0 || 0 || 0 || 0 || 0 || 0 || 0 || 0 || 0 || 0 || 0 || 0 || 0 || 0 || 0 || 0 || 0 || 0 || 0 || 0 || 0 || 0 || 0 || 0 || 0 || 0 || 0 || 0 || 0 || 0 || 0 || 0 || 0 || 0 || 0 || 0 || 0 || 0 || 0 || 0 || 0 || 0 || 0 || 0 || 0 || 0 || 0 || 0 || 0 || 0 || 0 || 0 || 0 || 0 || 0 || 0 || 0 || 0 || 0 || 0 || 0 || 0 || 0 || 0 || 0 || 0 || 0 || 0 || 0 || 0 || 0 || 0 || 0 || 0 || 0 || 0 || 0 || 0 || 0 || 0 || 0 || 0 || 0 || 0 || 0 || 0 || 0 || 0 || 0 || 0 || 0 || 0 || 0 || 0 || 0 || 0 || 0 || 0 || 0 || 0 || 0 || 0 || 0 || 0 || 0 || 0 || 0 || 0 || 0 || 0 || 0 || 0 || 0 || 0 || 0 || 0 || 0 || 0 || 0 || 0 || 0 || 0 || 0 || 0 || 0 || 0 || 0 || 0 || 0 || 0 || 0 || 0 || 0 || 0 || 0 || 0 || 0 || 0 || 0 || 0 || 0 || 0 || 0 || 0 || 0 || 0 || 0 || 0 || 0 || 0 || 0 || 0 || 0 || 0 || 0 || 0 || 0 || 0 || 0 || 0 || 0 || 0 || 0 || 0 || 0 || 0 || 0 || 0 || 0 || 0 || 0 || 0 || 0 || 0 || 0 || 0 || 0 || 0 || 0 || 0 || 0 || 0 || 0 || 0 || 0 || 0 || 0 || 0 || 0 || 0 || 0 || 0 || 0 || 0 || 0 || 0 || 0 || 0 || 0 || 0 || 0 || 0 || 0 || 0 || 0 || 0 || 0 || 0 || 0 || 0 || 0 || 0 || 0 || 0 || 0 || 0 || 0 || 0 || 0 || 0 || 0 || 0 || 0 || 0 || 0 || 0 || 0 || 0 || 0 || 0 || 0 || 0 || 0 || 0 || 0 || 0 || 0 || 0 || 0 || 0 || 0 || 0 || 0 || 0 || 0 || 0 || 0 || 0 || 0 || 0 || 0 || 0 || 0 || 0 || 0 || 0 || 0 || 0 || 0 || 0 || 0 || 0 || 0 || 0 || 0 || 0 || 0 || 0 || 0 || 0 || 0 || 0 || 0 || 0 || 0 || 0 || 0 || 0 || 0 || 0 || 0 || 0 || 0 || 0 || 0 || 0 || 0 || 0 || 0 || 0 || 0 || 0 || 0 || 0 || 0 || 0 || 0 || 0 || 0 || 0 || 0 || 0 || 0 || 0 || 0 || 0 || 0 || 0 || 0 || 0 || 0 || 0 || 0 || 0 || 0 || 0 || 0 || 0 || 0 || 0 || 0 || 0 || 0 || 0 || 0 || 0 || 0 || 0 || 0 || 0 || 0 || 0 || 0 || 0 || 0 || 0 || 0 || 0 || 0 || 0 || 0 || 0 || 0 || 0 || 0 || 0 || 0 || 0 || 0 || 0 || 0 || 0 || 0 || 0 || 0 || 0 || 0 || 0 || 0 || 0 || 0 || 0 || 0 || 0 || 0 || 0 || 0 || 0 || 0 || 0 || 0 || 0 || 0 || 0 || 0 || 0 || 0 || 0 || 0 || 0 || 0 || 0 || 0 || 0 || 0 || 0 || 0 || 0 || 0 || 0 || 0 || 0 || 0 || 0 || 0 || 0 || 0 || 0 || 0 || 0 || 0 || 0 || 0 || 0 || 0 || 0 || 0 || 0 || 0 || 0 || 0 || 0 || 0 || 0 || 0 || 0 || 0 || 0 || 0 || 0 || 0 || 0 || 0 || 0 || 0 || 0 || 0 || 0 || 0 || 0 || 0 || 0 || 0 || 0 || 0 || 0 || 0 || 0 || 0 || 0 || 0 || 0 || 0 || 0 || 0 || 0 || 0 || 0 || 0 || 0 || 0 || 0 || 0 || 0 || 0 || 0 || 0 || 0 || 0 || 0 || 0 || 0 || 0 || 0 || 0 || 0 || 0 || 0 || 0 || 0 || 0 || 0 || 0 || 0 || 0 || 0 || 0 || 0 || 0 || 0 || 0 || 0 || 0 || 0 || 0 || 0 || 0 || 0 || 0 || 0 || 0 || 0 || 0 || 0 || 0 || 0 || 0 || 0 || 0 || 0 || 0 || 0 || 0 || 0 || 0 || 0 || 0 || 0 || 0 || 0 || 0 || 0 || 0 || 0 || 0 || 0 || 0 || 0 || 0 || 0 || 0 || 0 || 0 || 0 || 0 || 0 || 0 || 0 || 0 || 0 || 0 || 0 || 0 || 0 || 0 || 0 || 0 || 0 || 0 || 0 || 0 || 0 || 0 || 0 || 0 || 0 || 0 || 0 || 0 || 0 || 0 || 0 || 0 || 0 || 0 || 0 || 0 || 0 || 0 || 0 || 0 || 0 || 0 || 0 || 0 || 0 || 0 || 0 || 0 || 0 || 0 || 0 || 0 || 0 || 0 || 0 || 0 || 0 || 0 || 0 || 0 || 0 || 0 || 0 || 0 || 0 || 0 || 0 || 0 || 0 || 0 || 0 || 0 || 0 || 0 || 0 || 0 || 0 || 0 || 0 || 0 || 0 || 0 || 0 || 0 || 0 || 0 || 0 || 0 || 0 || 0 || 0 || 0 || 0 || 0 || 0 || 0 || 0 || 0 || 0 || 0 || 0 || 0 || 0 || 0 || 0 || 0 || 0 || 0 || 0 || 0 || 0 || 0 || 0 || 0 || 0 || 0 || 0 || 0 || 0 || 0 || 0 || 0 || 0 || 0 || 0 || 0 || 0 || 0 || 0 || 0 || 0 || 0 || 0 || 0 || 0 || 0 || 0 || 0 || 0 || 0 || 0 || 0 || 0 || 0 || 0 || 0 || 0 || 0 || 0 || 0 || 0 || 0 || 0 || 0 || 0 || 0 || 0 || 0 || 0 || 0 || 0 || 0 || 0 || 0 || 0 || 0 || 0 || 0 || 0 || 0 || 0 || 0 || 0 || 0 || 0 || 0 || 0 || 0 || 0 || 0 || 0 || 0 || 0 || 0 || 0 || 0 || 0 || 0 || 0 || 0 || 0 || 0 || 0 || 0 || 0 || 0 || 0 || 0 || 0 || 0 || 0 || 0 || 0 || 0 || 0 || 0 || 0 || 0 || 0 || 0 || 0 || 0 || 0 || 0 || 0 || 0 || 0 || 0 || 0 || 0 || 0 || 0 || 0 || 0 || 0 || 0 || 0 || 0 || 0 || 0 || 0 || 0 || 0 || 0 || 0 || 0 || 0 || 0 || 0 || 0 || 0 || 0 || 0 || 0 || 0 || 0 || 0 || 0 || 0 || 0 || 0 || 0 || 0 || 0 || 0 || 0 || 0 || 0 || 0 || 0 || 0 || 0 || 0 || 0 || 0 || 0 || 0 || 0 || 0 || 0 || 0 || 0 || 0 || 0 || 0 || 0 || 0 || 0 || 0 || 0 || 0 || 0 || 0 || 0 || 0 || 0 || 0 || 0 || 0 || 0 || 0 || 0 || 0 || 0 || 0 || 0 || 0 || 0 || 0 || 0 || 0 || 0 || 0 || 0 || 0 || 0 || 0 || 0 || 0 || 0 || 0 || 0 || 0 || 0 || 0 || 0 || 0 || 0 || 0 || 0 || 0 || 0 || 0 || 0 || 0 || 0 || 0 || 0 || 0 || 0 || 0 || 0 || 0 || 0 || 0 || 0 || 0 || 0 || 0 || 0 || 0 || 0 || 0 || 0 || 0 || 0 || 0 || 0 || 0 || 0 || 0 || 0 || 0 || 0 || 0 || 0 || 0 || 0 || 0 || 0 || 0 || 0 || 0 || 0 || 0 || 0 || 0 || 0 || 0 || 0 || 0 || 0 || 0 || 0 || 0 || 0 || 0 || 0 || 0 || 0 || 0 || 0 || 0 || 0 || 0 || 0 || 0 || 0 || 0 || 0 || 0 || 0 || 0 || 0 || 0 || 0 || 0 || 0 || 0 || 0 || 0 || 0 || 0 || 0 || 0 || 0 || 0 || 0 || 0 || 0 || 0 || 0 || 0 || 0 || 0 || 0 || 0 || 0 || 0 || 0 || 0 || 0 || 0 || 0 || 0 || 0 || 0 || 0 || 0 || 0 || 0 || 0 || 0 || 0 || 0 || 0 || 0 || 0 || 0 || 0 || 0 || 0 || 0 || 0 || 0 || 0 || 0 || 0 || 
1: 0
2: 1
3: 0
5: 0
7: 0
101: 0
selection vector element:0
database value: 1
noise budget: 46
result: 0

selection vector element:1
database value: 4
noise budget: 48
result: 4

selection vector element:0
database value: 9
noise budget: 45
result: 0

selection vector element:0
database value: 19
noise budget: 46
result: 0

selection vector element:0
database value: 31
noise budget: 47
result: 0

selection vector element:0
database value: 40
noise budget: 46
result: 0

noise budget: 39
Query result:4
