bitlength = 4096, plain_mod = 65, hamming_weight = 4, x = 4
noise budget: 10

1x^4 + 1x^3 + 1x^1 + 1 || 
Expanded query size:4096
1x^4 + 1x^3 + 1x^1 + 1|| 
2x^4 + 2|| 2x^2 + 2|| 
4x^4 + 4|| 4|| 0|| 4|| 
8|| 8|| 0|| 8|| 8|| 0|| 0|| 0|| 
10|| 10|| 0|| 10|| 10|| 0|| 0|| 0|| 0|| 0|| 0|| 0|| 0|| 0|| 0|| 0|| 
20|| 20|| 0|| 20|| 20|| 0|| 0|| 0|| 0|| 0|| 0|| 0|| 0|| 0|| 0|| 0|| 0|| 0|| 0|| 0|| 0|| 0|| 0|| 0|| 0|| 0|| 0|| 0|| 0|| 0|| 0|| 0|| 
40|| 40|| 0|| 40|| 40|| 0|| 0|| 0|| 0|| 0|| 0|| 0|| 0|| 0|| 0|| 0|| 0|| 0|| 0|| 0|| 0|| 0|| 0|| 0|| 0|| 0|| 0|| 0|| 0|| 0|| 0|| 0|| 0|| 0|| 0|| 0|| 0|| 0|| 0|| 0|| 0|| 0|| 0|| 0|| 0|| 0|| 0|| 0|| 0|| 0|| 0|| 0|| 0|| 0|| 0|| 0|| 0|| 0|| 0|| 0|| 0|| 0|| 0|| 0|| 
3F|| 3F|| 0|| 3F|| 3F|| 0|| 0|| 0|| 0|| 0|| 0|| 0|| 0|| 0|| 0|| 0|| 0|| 0|| 0|| 0|| 0|| 0|| 0|| 0|| 0|| 0|| 0|| 0|| 0|| 0|| 0|| 0|| 0|| 0|| 0|| 0|| 0|| 0|| 0|| 0|| 0|| 0|| 0|| 0|| 0|| 0|| 0|| 0|| 0|| 0|| 0|| 0|| 0|| 0|| 0|| 0|| 0|| 0|| 0|| 0|| 0|| 0|| 0|| 0|| 0|| 0|| 0|| 0|| 0|| 0|| 0|| 0|| 0|| 0|| 0|| 0|| 0|| 0|| 0|| 0|| 0|| 0|| 0|| 0|| 0|| 0|| 0|| 0|| 0|| 0|| 0|| 0|| 0|| 0|| 0|| 0|| 0|| 0|| 0|| 0|| 0|| 0|| 0|| 0|| 0|| 0|| 0|| 0|| 0|| 0|| 0|| 0|| 0|| 0|| 0|| 0|| 0|| 0|| 0|| 0|| 0|| 0|| 0|| 0|| 0|| 0|| 0|| 0|| 
3D|| 3D|| 0|| 3D|| 3D|| 0|| 0|| 0|| 0|| 0|| 0|| 0|| 0|| 0|| 0|| 0|| 0|| 0|| 0|| 0|| 0|| 0|| 0|| 0|| 0|| 0|| 0|| 0|| 0|| 0|| 0|| 0|| 0|| 0|| 0|| 0|| 0|| 0|| 0|| 0|| 0|| 0|| 0|| 0|| 0|| 0|| 0|| 0|| 0|| 0|| 0|| 0|| 0|| 0|| 0|| 0|| 0|| 0|| 0|| 0|| 0|| 0|| 0|| 0|| 0|| 0|| 0|| 0|| 0|| 0|| 0|| 0|| 0|| 0|| 0|| 0|| 0|| 0|| 0|| 0|| 0|| 0|| 0|| 0|| 0|| 0|| 0|| 0|| 0|| 0|| 0|| 0|| 0|| 0|| 0|| 0|| 0|| 0|| 0|| 0|| 0|| 0|| 0|| 0|| 0|| 0|| 0|| 0|| 0|| 0|| 0|| 0|| 0|| 0|| 0|| 0|| 0|| 0|| 0|| 0|| 0|| 0|| 0|| 0|| 0|| 0|| 0|| 0|| 0|| 0|| 0|| 0|| 0|| 0|| 0|| 0|| 0|| 0|| 0|| 0|| 0|| 0|| 0|| 0|| 0|| 0|| 0|| 0|| 0|| 0|| 0|| 0|| 0|| 0|| 0|| 0|| 0|| 0|| 0|| 0|| 0|| 0|| 0|| 0|| 0|| 0|| 0|| 0|| 0|| 0|| 0|| 0|| 0|| 0|| 0|| 0|| 0|| 0|| 0|| 0|| 0|| 0|| 0|| 0|| 0|| 0|| 0|| 0|| 0|| 0|| 0|| 0|| 0|| 0|| 0|| 0|| 0|| 0|| 0|| 0|| 0|| 0|| 0|| 0|| 0|| 0|| 0|| 0|| 0|| 0|| 0|| 0|| 0|| 0|| 0|| 0|| 0|| 0|| 0|| 0|| 0|| 0|| 0|| 0|| 0|| 0|| 0|| 0|| 0|| 0|| 0|| 0|| 0|| 0|| 0|| 0|| 0|| 0|| 0|| 0|| 0|| 0|| 0|| 0|| 0|| 0|| 0|| 0|| 0|| 0|| 0|| 0|| 0|| 0|| 0|| 0|| 
39|| 39|| 0|| 39|| 39|| 0|| 0|| 0|| 0|| 0|| 0|| 0|| 0|| 0|| 0|| 0|| 0|| 0|| 0|| 0|| 0|| 0|| 0|| 0|| 0|| 0|| 0|| 0|| 0|| 0|| 0|| 0|| 0|| 0|| 0|| 0|| 0|| 0|| 0|| 0|| 0|| 0|| 0|| 0|| 0|| 0|| 0|| 0|| 0|| 0|| 0|| 0|| 0|| 0|| 0|| 0|| 0|| 0|| 0|| 0|| 0|| 0|| 0|| 0|| 0|| 0|| 0|| 0|| 0|| 0|| 0|| 0|| 0|| 0|| 0|| 0|| 0|| 0|| 0|| 0|| 0|| 0|| 0|| 0|| 0|| 0|| 0|| 0|| 0|| 0|| 0|| 0|| 0|| 0|| 0|| 0|| 0|| 0|| 0|| 0|| 0|| 0|| 0|| 0|| 0|| 0|| 0|| 0|| 0|| 0|| 0|| 0|| 0|| 0|| 0|| 0|| 0|| 0|| 0|| 0|| 0|| 0|| 0|| 0|| 0|| 0|| 0|| 0|| 0|| 0|| 0|| 0|| 0|| 0|| 0|| 0|| 0|| 0|| 0|| 0|| 0|| 0|| 0|| 0|| 0|| 0|| 0|| 0|| 0|| 0|| 0|| 0|| 0|| 0|| 0|| 0|| 0|| 0|| 0|| 0|| 0|| 0|| 0|| 0|| 0|| 0|| 0|| 0|| 0|| 0|| 0|| 0|| 0|| 0|| 0|| 0|| 0|| 0|| 0|| 0|| 0|| 0|| 0|| 0|| 0|| 0|| 0|| 0|| 0|| 0|| 0|| 0|| 0|| 0|| 0|| 0|| 0|| 0|| 0|| 0|| 0|| 0|| 0|| 0|| 0|| 0|| 0|| 0|| 0|| 0|| 0|| 0|| 0|| 0|| 0|| 0|| 0|| 0|| 0|| 0|| 0|| 0|| 0|| 0|| 0|| 0|| 0|| 0|| 0|| 0|| 0|| 0|| 0|| 0|| 0|| 0|| 0|| 0|| 0|| 0|| 0|| 0|| 0|| 0|| 0|| 0|| 0|| 0|| 0|| 0|| 0|| 0|| 0|| 0|| 0|| 0|| 0|| 0|| 0|| 0|| 0|| 0|| 0|| 0|| 0|| 0|| 0|| 0|| 0|| 0|| 0|| 0|| 0|| 0|| 0|| 0|| 0|| 0|| 0|| 0|| 0|| 0|| 0|| 0|| 0|| 0|| 0|| 0|| 0|| 0|| 0|| 0|| 0|| 0|| 0|| 0|| 0|| 0|| 0|| 0|| 0|| 0|| 0|| 0|| 0|| 0|| 0|| 0|| 0|| 0|| 0|| 0|| 0|| 0|| 0|| 0|| 0|| 0|| 0|| 0|| 0|| 0|| 0|| 0|| 0|| 0|| 0|| 0|| 0|| 0|| 0|| 0|| 0|| 0|| 0|| 0|| 0|| 0|| 0|| 0|| 0|| 0|| 0|| 0|| 0|| 0|| 0|| 0|| 0|| 0|| 0|| 0|| 0|| 0|| 0|| 0|| 0|| 0|| 0|| 0|| 0|| 0|| 0|| 0|| 0|| 0|| 0|| 0|| 0|| 0|| 0|| 0|| 0|| 0|| 0|| 0|| 0|| 0|| 0|| 0|| 0|| 0|| 0|| 0|| 0|| 0|| 0|| 0|| 0|| 0|| 0|| 0|| 0|| 0|| 0|| 0|| 0|| 0|| 0|| 0|| 0|| 0|| 0|| 0|| 0|| 0|| 0|| 0|| 0|| 0|| 0|| 0|| 0|| 0|| 0|| 0|| 0|| 0|| 0|| 0|| 0|| 0|| 0|| 0|| 0|| 0|| 0|| 0|| 0|| 0|| 0|| 0|| 0|| 0|| 0|| 0|| 0|| 0|| 0|| 0|| 0|| 0|| 0|| 0|| 0|| 0|| 0|| 0|| 0|| 0|| 0|| 0|| 0|| 0|| 0|| 0|| 0|| 0|| 0|| 0|| 0|| 0|| 0|| 0|| 0|| 0|| 0|| 0|| 0|| 0|| 0|| 0|| 0|| 0|| 0|| 0|| 0|| 0|| 0|| 0|| 0|| 0|| 0|| 0|| 0|| 0|| 0|| 0|| 0|| 0|| 0|| 0|| 0|| 0|| 0|| 0|| 0|| 0|| 0|| 0|| 0|| 0|| 0|| 0|| 0|| 0|| 0|| 0|| 0|| 0|| 0|| 0|| 
31|| 31|| 0|| 31|| 31|| 0|| 0|| 0|| 0|| 0|| 0|| 0|| 0|| 0|| 0|| 0|| 0|| 0|| 0|| 0|| 0|| 0|| 0|| 0|| 0|| 0|| 0|| 0|| 0|| 0|| 0|| 0|| 0|| 0|| 0|| 0|| 0|| 0|| 0|| 0|| 0|| 0|| 0|| 0|| 0|| 0|| 0|| 0|| 0|| 0|| 0|| 0|| 0|| 0|| 0|| 0|| 0|| 0|| 0|| 0|| 0|| 0|| 0|| 0|| 0|| 0|| 0|| 0|| 0|| 0|| 0|| 0|| 0|| 0|| 0|| 0|| 0|| 0|| 0|| 0|| 0|| 0|| 0|| 0|| 0|| 0|| 0|| 0|| 0|| 0|| 0|| 0|| 0|| 0|| 0|| 0|| 0|| 0|| 0|| 0|| 0|| 0|| 0|| 0|| 0|| 0|| 0|| 0|| 0|| 0|| 0|| 0|| 0|| 0|| 0|| 0|| 0|| 0|| 0|| 0|| 0|| 0|| 0|| 0|| 0|| 0|| 0|| 0|| 0|| 0|| 0|| 0|| 0|| 0|| 0|| 0|| 0|| 0|| 0|| 0|| 0|| 0|| 0|| 0|| 0|| 0|| 0|| 0|| 0|| 0|| 0|| 0|| 0|| 0|| 0|| 0|| 0|| 0|| 0|| 0|| 0|| 0|| 0|| 0|| 0|| 0|| 0|| 0|| 0|| 0|| 0|| 0|| 0|| 0|| 0|| 0|| 0|| 0|| 0|| 0|| 0|| 0|| 0|| 0|| 0|| 0|| 0|| 0|| 0|| 0|| 0|| 0|| 0|| 0|| 0|| 0|| 0|| 0|| 0|| 0|| 0|| 0|| 0|| 0|| 0|| 0|| 0|| 0|| 0|| 0|| 0|| 0|| 0|| 0|| 0|| 0|| 0|| 0|| 0|| 0|| 0|| 0|| 0|| 0|| 0|| 0|| 0|| 0|| 0|| 0|| 0|| 0|| 0|| 0|| 0|| 0|| 0|| 0|| 0|| 0|| 0|| 0|| 0|| 0|| 0|| 0|| 0|| 0|| 0|| 0|| 0|| 0|| 0|| 0|| 0|| 0|| 0|| 0|| 0|| 0|| 0|| 0|| 0|| 0|| 0|| 0|| 0|| 0|| 0|| 0|| 0|| 0|| 0|| 0|| 0|| 0|| 0|| 0|| 0|| 0|| 0|| 0|| 0|| 0|| 0|| 0|| 0|| 0|| 0|| 0|| 0|| 0|| 0|| 0|| 0|| 0|| 0|| 0|| 0|| 0|| 0|| 0|| 0|| 0|| 0|| 0|| 0|| 0|| 0|| 0|| 0|| 0|| 0|| 0|| 0|| 0|| 0|| 0|| 0|| 0|| 0|| 0|| 0|| 0|| 0|| 0|| 0|| 0|| 0|| 0|| 0|| 0|| 0|| 0|| 0|| 0|| 0|| 0|| 0|| 0|| 0|| 0|| 0|| 0|| 0|| 0|| 0|| 0|| 0|| 0|| 0|| 0|| 0|| 0|| 0|| 0|| 0|| 0|| 0|| 0|| 0|| 0|| 0|| 0|| 0|| 0|| 0|| 0|| 0|| 0|| 0|| 0|| 0|| 0|| 0|| 0|| 0|| 0|| 0|| 0|| 0|| 0|| 0|| 0|| 0|| 0|| 0|| 0|| 0|| 0|| 0|| 0|| 0|| 0|| 0|| 0|| 0|| 0|| 0|| 0|| 0|| 0|| 0|| 0|| 0|| 0|| 0|| 0|| 0|| 0|| 0|| 0|| 0|| 0|| 0|| 0|| 0|| 0|| 0|| 0|| 0|| 0|| 0|| 0|| 0|| 0|| 0|| 0|| 0|| 0|| 0|| 0|| 0|| 0|| 0|| 0|| 0|| 0|| 0|| 0|| 0|| 0|| 0|| 0|| 0|| 0|| 0|| 0|| 0|| 0|| 0|| 0|| 0|| 0|| 0|| 0|| 0|| 0|| 0|| 0|| 0|| 0|| 0|| 0|| 0|| 0|| 0|| 0|| 0|| 0|| 0|| 0|| 0|| 0|| 0|| 0|| 0|| 0|| 0|| 0|| 0|| 0|| 0|| 0|| 0|| 0|| 0|| 0|| 0|| 0|| 0|| 0|| 0|| 0|| 0|| 0|| 0|| 0|| 0|| 0|| 0|| 0|| 0|| 0|| 0|| 0|| 0|| 0|| 0|| 0|| 0|| 0|| 0|| 0|| 0|| 0|| 0|| 0|| 0|| 0|| 0|| 0|| 0|| 0|| 0|| 0|| 0|| 0|| 0|| 0|| 0|| 0|| 0|| 0|| 0|| 0|| 0|| 0|| 0|| 0|| 0|| 0|| 0|| 0|| 0|| 0|| 0|| 0|| 0|| 0|| 0|| 0|| 0|| 0|| 0|| 0|| 0|| 0|| 0|| 0|| 0|| 0|| 0|| 0|| 0|| 0|| 0|| 0|| 0|| 0|| 0|| 0|| 0|| 0|| 0|| 0|| 0|| 0|| 0|| 0|| 0|| 0|| 0|| 0|| 0|| 0|| 0|| 0|| 0|| 0|| 0|| 0|| 0|| 0|| 0|| 0|| 0|| 0|| 0|| 0|| 0|| 0|| 0|| 0|| 0|| 0|| 0|| 0|| 0|| 0|| 0|| 0|| 0|| 0|| 0|| 0|| 0|| 0|| 0|| 0|| 0|| 0|| 0|| 0|| 0|| 0|| 0|| 0|| 0|| 0|| 0|| 0|| 0|| 0|| 0|| 0|| 0|| 0|| 0|| 0|| 0|| 0|| 0|| 0|| 0|| 0|| 0|| 0|| 0|| 0|| 0|| 0|| 0|| 0|| 0|| 0|| 0|| 0|| 0|| 0|| 0|| 0|| 0|| 0|| 0|| 0|| 0|| 0|| 0|| 0|| 0|| 0|| 0|| 0|| 0|| 0|| 0|| 0|| 0|| 0|| 0|| 0|| 0|| 0|| 0|| 0|| 0|| 0|| 0|| 0|| 0|| 0|| 0|| 0|| 0|| 0|| 0|| 0|| 0|| 0|| 0|| 0|| 0|| 0|| 0|| 0|| 0|| 0|| 0|| 0|| 0|| 0|| 0|| 0|| 0|| 0|| 0|| 0|| 0|| 0|| 0|| 0|| 0|| 0|| 0|| 0|| 0|| 0|| 0|| 0|| 0|| 0|| 0|| 0|| 0|| 0|| 0|| 0|| 0|| 0|| 0|| 0|| 0|| 0|| 0|| 0|| 0|| 0|| 0|| 0|| 0|| 0|| 0|| 0|| 0|| 0|| 0|| 0|| 0|| 0|| 0|| 0|| 0|| 0|| 0|| 0|| 0|| 0|| 0|| 0|| 0|| 0|| 0|| 0|| 0|| 0|| 0|| 0|| 0|| 0|| 0|| 0|| 0|| 0|| 0|| 0|| 0|| 0|| 0|| 0|| 0|| 0|| 0|| 0|| 0|| 0|| 0|| 0|| 0|| 0|| 0|| 0|| 0|| 0|| 0|| 0|| 0|| 0|| 0|| 0|| 0|| 0|| 0|| 0|| 0|| 0|| 0|| 0|| 0|| 0|| 0|| 0|| 0|| 0|| 0|| 0|| 0|| 0|| 0|| 0|| 0|| 0|| 0|| 0|| 0|| 0|| 0|| 0|| 0|| 0|| 0|| 0|| 0|| 0|| 0|| 0|| 0|| 0|| 0|| 0|| 0|| 0|| 0|| 0|| 0|| 0|| 0|| 0|| 0|| 0|| 0|| 0|| 0|| 0|| 0|| 0|| 0|| 0|| 0|| 0|| 0|| 0|| 0|| 0|| 0|| 0|| 0|| 0|| 0|| 0|| 0|| 0|| 0|| 0|| 0|| 0|| 0|| 0|| 0|| 0|| 0|| 0|| 0|| 0|| 0|| 0|| 0|| 0|| 0|| 0|| 0|| 0|| 0|| 0|| 0|| 0|| 0|| 0|| 0|| 0|| 0|| 0|| 0|| 0|| 0|| 0|| 0|| 0|| 0|| 0|| 0|| 0|| 0|| 0|| 0|| 0|| 0|| 0|| 0|| 0|| 0|| 0|| 0|| 0|| 0|| 0|| 0|| 0|| 0|| 0|| 0|| 0|| 0|| 0|| 0|| 0|| 0|| 0|| 0|| 0|| 0|| 0|| 0|| 0|| 0|| 0|| 0|| 0|| 0|| 0|| 0|| 0|| 0|| 0|| 0|| 0|| 0|| 0|| 0|| 0|| 0|| 0|| 0|| 0|| 0|| 0|| 0|| 0|| 0|| 0|| 0|| 0|| 0|| 0|| 0|| 0|| 0|| 0|| 0|| 0|| 0|| 0|| 0|| 0|| 0|| 0|| 0|| 0|| 0|| 0|| 0|| 0|| 0|| 0|| 0|| 0|| 0|| 0|| 0|| 0|| 0|| 0|| 0|| 0|| 0|| 0|| 0|| 0|| 0|| 0|| 0|| 0|| 0|| 0|| 
21|| 21|| 0|| 21|| 21|| 0|| 0|| 0|| 0|| 0|| 0|| 0|| 0|| 0|| 0|| 0|| 0|| 0|| 0|| 0|| 0|| 0|| 0|| 0|| 0|| 0|| 0|| 0|| 0|| 0|| 0|| 0|| 0|| 0|| 0|| 0|| 0|| 0|| 0|| 0|| 0|| 0|| 0|| 0|| 0|| 0|| 0|| 0|| 0|| 0|| 0|| 0|| 0|| 0|| 0|| 0|| 0|| 0|| 0|| 0|| 0|| 0|| 0|| 0|| 0|| 0|| 0|| 0|| 0|| 0|| 0|| 0|| 0|| 0|| 0|| 0|| 0|| 0|| 0|| 0|| 0|| 0|| 0|| 0|| 0|| 0|| 0|| 0|| 0|| 0|| 0|| 0|| 0|| 0|| 0|| 0|| 0|| 0|| 0|| 0|| 0|| 0|| 0|| 0|| 0|| 0|| 0|| 0|| 0|| 0|| 0|| 0|| 0|| 0|| 0|| 0|| 0|| 0|| 0|| 0|| 0|| 0|| 0|| 0|| 0|| 0|| 0|| 0|| 0|| 0|| 0|| 0|| 0|| 0|| 0|| 0|| 0|| 0|| 0|| 0|| 0|| 0|| 0|| 0|| 0|| 0|| 0|| 0|| 0|| 0|| 0|| 0|| 0|| 0|| 0|| 0|| 0|| 0|| 0|| 0|| 0|| 0|| 0|| 0|| 0|| 0|| 0|| 0|| 0|| 0|| 0|| 0|| 0|| 0|| 0|| 0|| 0|| 0|| 0|| 0|| 0|| 0|| 0|| 0|| 0|| 0|| 0|| 0|| 0|| 0|| 0|| 0|| 0|| 0|| 0|| 0|| 0|| 0|| 0|| 0|| 0|| 0|| 0|| 0|| 0|| 0|| 0|| 0|| 0|| 0|| 0|| 0|| 0|| 0|| 0|| 0|| 0|| 0|| 0|| 0|| 0|| 0|| 0|| 0|| 0|| 0|| 0|| 0|| 0|| 0|| 0|| 0|| 0|| 0|| 0|| 0|| 0|| 0|| 0|| 0|| 0|| 0|| 0|| 0|| 0|| 0|| 0|| 0|| 0|| 0|| 0|| 0|| 0|| 0|| 0|| 0|| 0|| 0|| 0|| 0|| 0|| 0|| 0|| 0|| 0|| 0|| 0|| 0|| 0|| 0|| 0|| 0|| 0|| 0|| 0|| 0|| 0|| 0|| 0|| 0|| 0|| 0|| 0|| 0|| 0|| 0|| 0|| 0|| 0|| 0|| 0|| 0|| 0|| 0|| 0|| 0|| 0|| 0|| 0|| 0|| 0|| 0|| 0|| 0|| 0|| 0|| 0|| 0|| 0|| 0|| 0|| 0|| 0|| 0|| 0|| 0|| 0|| 0|| 0|| 0|| 0|| 0|| 0|| 0|| 0|| 0|| 0|| 0|| 0|| 0|| 0|| 0|| 0|| 0|| 0|| 0|| 0|| 0|| 0|| 0|| 0|| 0|| 0|| 0|| 0|| 0|| 0|| 0|| 0|| 0|| 0|| 0|| 0|| 0|| 0|| 0|| 0|| 0|| 0|| 0|| 0|| 0|| 0|| 0|| 0|| 0|| 0|| 0|| 0|| 0|| 0|| 0|| 0|| 0|| 0|| 0|| 0|| 0|| 0|| 0|| 0|| 0|| 0|| 0|| 0|| 0|| 0|| 0|| 0|| 0|| 0|| 0|| 0|| 0|| 0|| 0|| 0|| 0|| 0|| 0|| 0|| 0|| 0|| 0|| 0|| 0|| 0|| 0|| 0|| 0|| 0|| 0|| 0|| 0|| 0|| 0|| 0|| 0|| 0|| 0|| 0|| 0|| 0|| 0|| 0|| 0|| 0|| 0|| 0|| 0|| 0|| 0|| 0|| 0|| 0|| 0|| 0|| 0|| 0|| 0|| 0|| 0|| 0|| 0|| 0|| 0|| 0|| 0|| 0|| 0|| 0|| 0|| 0|| 0|| 0|| 0|| 0|| 0|| 0|| 0|| 0|| 0|| 0|| 0|| 0|| 0|| 0|| 0|| 0|| 0|| 0|| 0|| 0|| 0|| 0|| 0|| 0|| 0|| 0|| 0|| 0|| 0|| 0|| 0|| 0|| 0|| 0|| 0|| 0|| 0|| 0|| 0|| 0|| 0|| 0|| 0|| 0|| 0|| 0|| 0|| 0|| 0|| 0|| 0|| 0|| 0|| 0|| 0|| 0|| 0|| 0|| 0|| 0|| 0|| 0|| 0|| 0|| 0|| 0|| 0|| 0|| 0|| 0|| 0|| 0|| 0|| 0|| 0|| 0|| 0|| 0|| 0|| 0|| 0|| 0|| 0|| 0|| 0|| 0|| 0|| 0|| 0|| 0|| 0|| 0|| 0|| 0|| 0|| 0|| 0|| 0|| 0|| 0|| 0|| 0|| 0|| 0|| 0|| 0|| 0|| 0|| 0|| 0|| 0|| 0|| 0|| 0|| 0|| 0|| 0|| 0|| 0|| 0|| 0|| 0|| 0|| 0|| 0|| 0|| 0|| 0|| 0|| 0|| 0|| 0|| 0|| 0|| 0|| 0|| 0|| 0|| 0|| 0|| 0|| 0|| 0|| 0|| 0|| 0|| 0|| 0|| 0|| 0|| 0|| 0|| 0|| 0|| 0|| 0|| 0|| 0|| 0|| 0|| 0|| 0|| 0|| 0|| 0|| 0|| 0|| 0|| 0|| 0|| 0|| 0|| 0|| 0|| 0|| 0|| 0|| 0|| 0|| 0|| 0|| 0|| 0|| 0|| 0|| 0|| 0|| 0|| 0|| 0|| 0|| 0|| 0|| 0|| 0|| 0|| 0|| 0|| 0|| 0|| 0|| 0|| 0|| 0|| 0|| 0|| 0|| 0|| 0|| 0|| 0|| 0|| 0|| 0|| 0|| 0|| 0|| 0|| 0|| 0|| 0|| 0|| 0|| 0|| 0|| 0|| 0|| 0|| 0|| 0|| 0|| 0|| 0|| 0|| 0|| 0|| 0|| 0|| 0|| 0|| 0|| 0|| 0|| 0|| 0|| 0|| 0|| 0|| 0|| 0|| 0|| 0|| 0|| 0|| 0|| 0|| 0|| 0|| 0|| 0|| 0|| 0|| 0|| 0|| 0|| 0|| 0|| 0|| 0|| 0|| 0|| 0|| 0|| 0|| 0|| 0|| 0|| 0|| 0|| 0|| 0|| 0|| 0|| 0|| 0|| 0|| 0|| 0|| 0|| 0|| 0|| 0|| 0|| 0|| 0|| 0|| 0|| 0|| 0|| 0|| 0|| 0|| 0|| 0|| 0|| 0|| 0|| 0|| 0|| 0|| 0|| 0|| 0|| 0|| 0|| 0|| 0|| 0|| 0|| 0|| 0|| 0|| 0|| 0|| 0|| 0|| 0|| 0|| 0|| 0|| 0|| 0|| 0|| 0|| 0|| 0|| 0|| 0|| 0|| 0|| 0|| 0|| 0|| 0|| 0|| 0|| 0|| 0|| 0|| 0|| 0|| 0|| 0|| 0|| 0|| 0|| 0|| 0|| 0|| 0|| 0|| 0|| 0|| 0|| 0|| 0|| 0|| 0|| 0|| 0|| 0|| 0|| 0|| 0|| 0|| 0|| 0|| 0|| 0|| 0|| 0|| 0|| 0|| 0|| 0|| 0|| 0|| 0|| 0|| 0|| 0|| 0|| 0|| 0|| 0|| 0|| 0|| 0|| 0|| 0|| 0|| 0|| 0|| 0|| 0|| 0|| 0|| 0|| 0|| 0|| 0|| 0|| 0|| 0|| 0|| 0|| 0|| 0|| 0|| 0|| 0|| 0|| 0|| 0|| 0|| 0|| 0|| 0|| 0|| 0|| 0|| 0|| 0|| 0|| 0|| 0|| 0|| 0|| 0|| 0|| 0|| 0|| 0|| 0|| 0|| 0|| 0|| 0|| 0|| 0|| 0|| 0|| 0|| 0|| 0|| 0|| 0|| 0|| 0|| 0|| 0|| 0|| 0|| 0|| 0|| 0|| 0|| 0|| 0|| 0|| 0|| 0|| 0|| 0|| 0|| 0|| 0|| 0|| 0|| 0|| 0|| 0|| 0|| 0|| 0|| 0|| 0|| 0|| 0|| 0|| 0|| 0|| 0|| 0|| 0|| 0|| 0|| 0|| 0|| 0|| 0|| 0|| 0|| 0|| 0|| 0|| 0|| 0|| 0|| 0|| 0|| 0|| 0|| 0|| 0|| 0|| 0|| 0|| 0|| 0|| 0|| 0|| 0|| 0|| 0|| 0|| 0|| 0|| 0|| 0|| 0|| 0|| 0|| 0|| 0|| 0|| 0|| 0|| 0|| 0|| 0|| 0|| 0|| 0|| 0|| 0|| 0|| 0|| 0|| 0|| 0|| 0|| 0|| 0|| 0|| 0|| 0|| 0|| 0|| 0|| 0|| 0|| 0|| 0|| 0|| 0|| 0|| 0|| 0|| 0|| 0|| 0|| 0|| 0|| 0|| 0|| 0|| 0|| 0|| 0|| 0|| 0|| 0|| 0|| 0|| 0|| 0|| 0|| 0|| 0|| 0|| 0|| 0|| 0|| 0|| 0|| 0|| 0|| 0|| 0|| 0|| 0|| 0|| 0|| 0|| 0|| 0|| 0|| 0|| 0|| 0|| 0|| 0|| 0|| 0|| 0|| 0|| 0|| 0|| 0|| 0|| 0|| 0|| 0|| 0|| 0|| 0|| 0|| 0|| 0|| 0|| 0|| 0|| 0|| 0|| 0|| 0|| 0|| 0|| 0|| 0|| 0|| 0|| 0|| 0|| 0|| 0|| 0|| 0|| 0|| 0|| 0|| 0|| 0|| 0|| 0|| 0|| 0|| 0|| 0|| 0|| 0|| 0|| 0|| 0|| 0|| 0|| 0|| 0|| 0|| 0|| 0|| 0|| 0|| 0|| 0|| 0|| 0|| 0|| 0|| 0|| 0|| 0|| 0|| 0|| 0|| 0|| 0|| 0|| 0|| 0|| 0|| 0|| 0|| 0|| 0|| 0|| 0|| 0|| 0|| 0|| 0|| 0|| 0|| 0|| 0|| 0|| 0|| 0|| 0|| 0|| 0|| 0|| 0|| 0|| 0|| 0|| 0|| 0|| 0|| 0|| 0|| 0|| 0|| 0|| 0|| 0|| 0|| 0|| 0|| 0|| 0|| 0|| 0|| 0|| 0|| 0|| 0|| 0|| 0|| 0|| 0|| 0|| 0|| 0|| 0|| 0|| 0|| 0|| 0|| 0|| 0|| 0|| 0|| 0|| 0|| 0|| 0|| 0|| 0|| 0|| 0|| 0|| 0|| 0|| 0|| 0|| 0|| 0|| 0|| 0|| 0|| 0|| 0|| 0|| 0|| 0|| 0|| 0|| 0|| 0|| 0|| 0|| 0|| 0|| 0|| 0|| 0|| 0|| 0|| 0|| 0|| 0|| 0|| 0|| 0|| 0|| 0|| 0|| 0|| 0|| 0|| 0|| 0|| 0|| 0|| 0|| 0|| 0|| 0|| 0|| 0|| 0|| 0|| 0|| 0|| 0|| 0|| 0|| 0|| 0|| 0|| 0|| 0|| 0|| 0|| 0|| 0|| 0|| 0|| 0|| 0|| 0|| 0|| 0|| 0|| 0|| 0|| 0|| 0|| 0|| 0|| 0|| 0|| 0|| 0|| 0|| 0|| 0|| 0|| 0|| 0|| 0|| 0|| 0|| 0|| 0|| 0|| 0|| 0|| 0|| 0|| 0|| 0|| 0|| 0|| 0|| 0|| 0|| 0|| 0|| 0|| 0|| 0|| 0|| 0|| 0|| 0|| 0|| 0|| 0|| 0|| 0|| 0|| 0|| 0|| 0|| 0|| 0|| 0|| 0|| 0|| 0|| 0|| 0|| 0|| 0|| 0|| 0|| 0|| 0|| 0|| 0|| 0|| 0|| 0|| 0|| 0|| 0|| 0|| 0|| 0|| 0|| 0|| 0|| 0|| 0|| 0|| 0|| 0|| 0|| 0|| 0|| 0|| 0|| 0|| 0|| 0|| 0|| 0|| 0|| 0|| 0|| 0|| 0|| 0|| 0|| 0|| 0|| 0|| 0|| 0|| 0|| 0|| 0|| 0|| 0|| 0|| 0|| 0|| 0|| 0|| 0|| 0|| 0|| 0|| 0|| 0|| 0|| 0|| 0|| 0|| 0|| 0|| 0|| 0|| 0|| 0|| 0|| 0|| 0|| 0|| 0|| 0|| 0|| 0|| 0|| 0|| 0|| 0|| 0|| 0|| 0|| 0|| 0|| 0|| 0|| 0|| 0|| 0|| 0|| 0|| 0|| 0|| 0|| 0|| 0|| 0|| 0|| 0|| 0|| 0|| 0|| 0|| 0|| 0|| 0|| 0|| 0|| 0|| 0|| 0|| 0|| 0|| 0|| 0|| 0|| 0|| 0|| 0|| 0|| 0|| 0|| 0|| 0|| 0|| 0|| 0|| 0|| 0|| 0|| 0|| 0|| 0|| 0|| 0|| 0|| 0|| 0|| 0|| 0|| 0|| 0|| 0|| 0|| 0|| 0|| 0|| 0|| 0|| 0|| 0|| 0|| 0|| 0|| 0|| 0|| 0|| 0|| 0|| 0|| 0|| 0|| 0|| 0|| 0|| 0|| 0|| 0|| 0|| 0|| 0|| 0|| 0|| 0|| 0|| 0|| 0|| 0|| 0|| 0|| 0|| 0|| 0|| 0|| 0|| 0|| 0|| 0|| 0|| 0|| 0|| 0|| 0|| 0|| 0|| 0|| 0|| 0|| 0|| 0|| 0|| 0|| 0|| 0|| 0|| 0|| 0|| 0|| 0|| 0|| 0|| 0|| 0|| 0|| 0|| 0|| 0|| 0|| 0|| 0|| 0|| 0|| 0|| 0|| 0|| 0|| 0|| 0|| 0|| 0|| 0|| 0|| 0|| 0|| 0|| 0|| 0|| 0|| 0|| 0|| 0|| 0|| 0|| 0|| 0|| 0|| 0|| 0|| 0|| 0|| 0|| 0|| 0|| 0|| 0|| 0|| 0|| 0|| 0|| 0|| 0|| 0|| 0|| 0|| 0|| 0|| 0|| 0|| 0|| 0|| 0|| 0|| 0|| 0|| 0|| 0|| 0|| 0|| 0|| 0|| 0|| 0|| 0|| 0|| 0|| 0|| 0|| 0|| 0|| 0|| 0|| 0|| 0|| 0|| 0|| 0|| 0|| 0|| 0|| 0|| 0|| 0|| 0|| 0|| 0|| 0|| 0|| 0|| 0|| 0|| 0|| 0|| 0|| 0|| 0|| 0|| 0|| 0|| 0|| 0|| 0|| 0|| 0|| 0|| 0|| 0|| 0|| 0|| 0|| 0|| 0|| 0|| 0|| 0|| 0|| 0|| 0|| 0|| 0|| 0|| 0|| 0|| 0|| 0|| 0|| 0|| 0|| 0|| 0|| 0|| 0|| 0|| 0|| 0|| 0|| 0|| 0|| 0|| 0|| 0|| 0|| 0|| 0|| 0|| 0|| 0|| 0|| 0|| 0|| 0|| 0|| 0|| 0|| 0|| 0|| 0|| 0|| 0|| 0|| 0|| 0|| 0|| 0|| 0|| 0|| 0|| 0|| 0|| 0|| 0|| 0|| 0|| 0|| 0|| 0|| 0|| 0|| 0|| 0|| 0|| 0|| 0|| 0|| 0|| 0|| 0|| 0|| 0|| 0|| 0|| 0|| 0|| 0|| 0|| 0|| 0|| 0|| 0|| 0|| 0|| 0|| 0|| 0|| 0|| 0|| 0|| 0|| 0|| 0|| 0|| 0|| 0|| 0|| 0|| 0|| 0|| 0|| 0|| 0|| 0|| 0|| 0|| 0|| 0|| 0|| 0|| 0|| 0|| 0|| 0|| 0|| 0|| 0|| 0|| 0|| 0|| 0|| 0|| 0|| 0|| 0|| 0|| 0|| 0|| 0|| 0|| 0|| 0|| 0|| 0|| 0|| 0|| 0|| 0|| 0|| 0|| 0|| 0|| 0|| 0|| 0|| 0|| 0|| 0|| 0|| 0|| 0|| 0|| 0|| 0|| 0|| 0|| 0|| 0|| 0|| 0|| 0|| 0|| 0|| 0|| 0|| 0|| 0|| 0|| 0|| 0|| 0|| 0|| 0|| 0|| 0|| 0|| 0|| 0|| 0|| 0|| 0|| 0|| 0|| 0|| 0|| 0|| 0|| 0|| 0|| 0|| 0|| 0|| 0|| 0|| 0|| 0|| 0|| 0|| 0|| 0|| 0|| 0|| 0|| 0|| 0|| 0|| 0|| 0|| 0|| 0|| 0|| 0|| 0|| 0|| 0|| 0|| 0|| 0|| 0|| 0|| 0|| 0|| 0|| 0|| 0|| 0|| 0|| 0|| 0|| 0|| 0|| 0|| 0|| 0|| 0|| 0|| 0|| 0|| 0|| 0|| 0|| 0|| 0|| 0|| 0|| 0|| 0|| 0|| 0|| 0|| 0|| 0|| 0|| 0|| 0|| 0|| 0|| 0|| 0|| 0|| 0|| 0|| 0|| 0|| 0|| 0|| 0|| 0|| 0|| 0|| 0|| 0|| 0|| 0|| 0|| 0|| 0|| 0|| 0|| 0|| 0|| 0|| 0|| 0|| 0|| 0|| 0|| 0|| 0|| 0|| 0|| 0|| 0|| 0|| 0|| 0|| 0|| 0|| 0|| 0|| 0|| 0|| 0|| 0|| 0|| 0|| 0|| 0|| 0|| 0|| 0|| 0|| 0|| 0|| 0|| 0|| 0|| 0|| 0|| 0|| 0|| 0|| 0|| 0|| 0|| 0|| 0|| 0|| 0|| 0|| 0|| 0|| 0|| 0|| 0|| 0|| 0|| 0|| 0|| 0|| 0|| 0|| 0|| 0|| 0|| 0|| 0|| 0|| 0|| 0|| 0|| 0|| 0|| 0|| 0|| 0|| 0|| 0|| 
1 || 1 || 0 || 1 || 1 || 0 || 0 || 0 || 0 || 0 || 0 || 0 || 0 || 0 || 0 || 0 || 0 || 0 || 0 || 0 || 0 || 0 || 0 || 0 || 0 || 0 || 0 || 0 || 0 || 0 || 0 || 0 || 0 || 0 || 0 || 0 || 0 || 0 || 0 || 0 || 0 || 0 || 0 || 0 || 0 || 0 || 0 || 0 || 0 || 0 || 0 || 0 || 0 || 0 || 0 || 0 || 0 || 0 || 0 || 0 || 0 || 0 || 0 || 0 || 0 || 0 || 0 || 0 || 0 || 0 || 0 || 0 || 0 || 0 || 0 || 0 || 0 || 0 || 0 || 0 || 0 || 0 || 0 || 0 || 0 || 0 || 0 || 0 || 0 || 0 || 0 || 0 || 0 || 0 || 0 || 0 || 0 || 0 || 0 || 0 || 0 || 0 || 0 || 0 || 0 || 0 || 0 || 0 || 0 || 0 || 0 || 0 || 0 || 0 || 0 || 0 || 0 || 0 || 0 || 0 || 0 || 0 || 0 || 0 || 0 || 0 || 0 || 0 || 0 || 0 || 0 || 0 || 0 || 0 || 0 || 0 || 0 || 0 || 0 || 0 || 0 || 0 || 0 || 0 || 0 || 0 || 0 || 0 || 0 || 0 || 0 || 0 || 0 || 0 || 0 || 0 || 0 || 0 || 0 || 0 || 0 || 0 || 0 || 0 || 0 || 0 || 0 || 0 || 0 || 0 || 0 || 0 || 0 || 0 || 0 || 0 || 0 || 0 || 0 || 0 || 0 || 0 || 0 || 0 || 0 || 0 || 0 || 0 || 0 || 0 || 0 || 0 || 0 || 0 || 0 || 0 || 0 || 0 || 0 || 0 || 0 || 0 || 0 || 0 || 0 || 0 || 0 || 0 || 0 || 0 || 0 || 0 || 0 || 0 || 0 || 0 || 0 || 0 || 0 || 0 || 0 || 0 || 0 || 0 || 0 || 0 || 0 || 0 || 0 || 0 || 0 || 0 || 0 || 0 || 0 || 0 || 0 || 0 || 0 || 0 || 0 || 0 || 0 || 0 || 0 || 0 || 0 || 0 || 0 || 0 || 0 || 0 || 0 || 0 || 0 || 0 || 0 || 0 || 0 || 0 || 0 || 0 || 0 || 0 || 0 || 0 || 0 || 0 || 0 || 0 || 0 || 0 || 0 || 0 || 0 || 0 || 0 || 0 || 0 || 0 || 0 || 0 || 0 || 0 || 0 || 0 || 0 || 0 || 0 || 0 || 0 || 0 || 0 || 0 || 0 || 0 || 0 || 0 || 0 || 0 || 0 || 0 || 0 || 0 || 0 || 0 || 0 || 0 || 0 || 0 || 0 || 0 || 0 || 0 || 0 || 0 || 0 || 0 || 0 || 0 || 0 || 0 || 0 || 0 || 0 || 0 || 0 || 0 || 0 || 0 || 0 || 0 || 0 || 0 || 0 || 0 || 0 || 0 || 0 || 0 || 0 || 0 || 0 || 0 || 0 || 0 || 0 || 0 || 0 || 0 || 0 || 0 || 0 || 0 || 0 || 0 || 0 || 0 || 0 || 0 || 0 || 0 || 0 || 0 || 0 || 0 || 0 || 0 || 0 || 0 || 0 || 0 || 0 || 0 || 0 || 0 || 0 || 0 || 0 || 0 || 0 || 0 || 0 || 0 || 0 || 0 || 0 || 0 || 0 || 0 || 0 || 0 || 0 || 0 || 0 || 0 || 0 || 0 || 0 || 0 || 0 || 0 || 0 || 0 || 0 || 0 || 0 || 0 || 0 || 0 || 0 || 0 || 0 || 0 || 0 || 0 || 0 || 0 || 0 || 0 || 0 || 0 || 0 || 0 || 0 || 0 || 0 || 0 || 0 || 0 || 0 || 0 || 0 || 0 || 0 || 0 || 0 || 0 || 0 || 0 || 0 || 0 || 0 || 0 || 0 || 0 || 0 || 0 || 0 || 0 || 0 || 0 || 0 || 0 || 0 || 0 || 0 || 0 || 0 || 0 || 0 || 0 || 0 || 0 || 0 || 0 || 0 || 0 || 0 || 0 || 0 || 0 || 0 || 0 || 0 || 0 || 0 || 0 || 0 || 0 || 0 || 0 || 0 || 0 || 0 || 0 || 0 || 0 || 0 || 0 || 0 || 0 || 0 || 0 || 0 || 0 || 0 || 0 || 0 || 0 || 0 || 0 || 0 || 0 || 0 || 0 || 0 || 0 || 0 || 0 || 0 || 0 || 0 || 0 || 0 || 0 || 0 || 0 || 0 || 0 || 0 || 0 || 0 || 0 || 0 || 0 || 0 || 0 || 0 || 0 || 0 || 0 || 0 || 0 || 0 || 0 || 0 || 0 || 0 || 0 || 0 || 0 || 0 || 0 || 0 || 0 || 0 || 0 || 0 || 0 || 0 || 0 || 0 || 0 || 0 || 0 || 0 || 0 || 0 || 0 || 0 || 0 || 0 || 0 || 0 || 0 || 0 || 0 || 0 || 0 || 0 || 0 || 0 || 0 || 0 || 0 || 0 || 0 || 0 || 0 || 0 || 0 || 0 || 0 || 0 || 0 || 0 || 0 || 0 || 0 || 0 || 0 || 0 || 0 || 0 || 0 || 0 || 0 || 0 || 0 || 0 || 0 || 0 || 0 || 0 || 0 || 0 || 0 || 0 || 0 || 0 || 0 || 0 || 0 || 0 || 0 || 0 || 0 || 0 || 0 || 0 || 0 || 0 || 0 || 0 || 0 || 0 || 0 || 0 || 0 || 0 || 0 || 0 || 0 || 0 || 0 || 0 || 0 || 0 || 0 || 0 || 0 || 0 || 0 || 0 || 0 || 0 || 0 || 0 || 0 || 0 || 0 || 0 || 0 || 0 || 0 || 0 || 0 || 0 || 0 || 0 || 0 || 0 || 0 || 0 || 0 || 0 || 0 || 0 || 0 || 0 || 0 || 0 || 0 || 0 || 0 || 0 || 0 || 0 || 0 || 0 || 0 || 0 || 0 || 0 || 0 || 0 || 0 || 0 || 0 || 0 || 0 || 0 || 0 || 0 || 0 || 0 || 0 || 0 || 0 || 0 || 0 || 0 || 0 || 0 || 0 || 0 || 0 || 0 || 0 || 0 || 0 || 0 || 0 || 0 || 0 || 0 || 0 || 0 || 0 || 0 || 0 || 0 || 0 || 0 || 0 || 0 || 0 || 0 || 0 || 0 || 0 || 0 || 0 || 0 || 0 || 0 || 0 || 0 || 0 || 0 || 0 || 0 || 0 || 0 || 0 || 0 || 0 || 0 || 0 || 0 || 0 || 0 || 0 || 0 || 0 || 0 || 0 || 0 || 0 || 0 || 0 || 0 || 0 || 0 || 0 || 0 || 0 || 0 || 0 || 0 || 0 || 0 || 0 || 0 || 0 || 0 || 0 || 0 || 0 || 0 || 0 || 0 || 0 || 0 || 0 || 0 || 0 || 0 || 0 || 0 || 0 || 0 || 0 || 0 || 0 || 0 || 0 || 0 || 0 || 0 || 0 || 0 || 0 || 0 || 0 || 0 || 0 || 0 || 0 || 0 || 0 || 0 || 0 || 0 || 0 || 0 || 0 || 0 || 0 || 0 || 0 || 0 || 0 || 0 || 0 || 0 || 0 || 0 || 0 || 0 || 0 || 0 || 0 || 0 || 0 || 0 || 0 || 0 || 0 || 0 || 0 || 0 || 0 || 0 || 0 || 0 || 0 || 0 || 0 || 0 || 0 || 0 || 0 || 0 || 0 || 0 || 0 || 0 || 0 || 0 || 0 || 0 || 0 || 0 || 0 || 0 || 0 || 0 || 0 || 0 || 0 || 0 || 0 || 0 || 0 || 0 || 0 || 0 || 0 || 0 || 0 || 0 || 0 || 0 || 0 || 0 || 0 || 0 || 0 || 0 || 0 || 0 || 0 || 0 || 0 || 0 || 0 || 0 || 0 || 0 || 0 || 0 || 0 || 0 || 0 || 0 || 0 || 0 || 0 || 0 || 0 || 0 || 0 || 0 || 0 || 0 || 0 || 0 || 0 || 0 || 0 || 0 || 0 || 0 || 0 || 0 || 0 || 0 || 0 || 0 || 0 || 0 || 0 || 0 || 0 || 0 || 0 || 0 || 0 || 0 || 0 || 0 || 0 || 0 || 0 || 0 || 0 || 0 || 0 || 0 || 0 || 0 || 0 || 0 || 0 || 0 || 0 || 0 || 0 || 0 || 0 || 0 || 0 || 0 || 0 || 0 || 0 || 0 || 0 || 0 || 0 || 0 || 0 || 0 || 0 || 0 || 0 || 0 || 0 || 0 || 0 || 0 || 0 || 0 || 0 || 0 || 0 || 0 || 0 || 0 || 0 || 0 || 0 || 0 || 0 || 0 || 0 || 0 || 0 || 0 || 0 || 0 || 0 || 0 || 0 || 0 || 0 || 0 || 0 || 0 || 0 || 0 || 0 || 0 || 0 || 0 || 0 || 0 || 0 || 0 || 0 || 0 || 0 || 0 || 0 || 0 || 0 || 0 || 0 || 0 || 0 || 0 || 0 || 0 || 0 || 0 || 0 || 0 || 0 || 0 || 0 || 0 || 0 || 0 || 0 || 0 || 0 || 0 || 0 || 0 || 0 || 0 || 0 || 0 || 0 || 0 || 0 || 0 || 0 || 0 || 0 || 0 || 0 || 0 || 0 || 0 || 0 || 0 || 0 || 0 || 0 || 0 || 0 || 0 || 0 || 0 || 0 || 0 || 0 || 0 || 0 || 0 || 0 || 0 || 0 || 0 || 0 || 0 || 0 || 0 || 0 || 0 || 0 || 0 || 0 || 0 || 0 || 0 || 0 || 0 || 0 || 0 || 0 || 0 || 0 || 0 || 0 || 0 || 0 || 0 || 0 || 0 || 0 || 0 || 0 || 0 || 0 || 0 || 0 || 0 || 0 || 0 || 0 || 0 || 0 || 0 || 0 || 0 || 0 || 0 || 0 || 0 || 0 || 0 || 0 || 0 || 0 || 0 || 0 || 0 || 0 || 0 || 0 || 0 || 0 || 0 || 0 || 0 || 0 || 0 || 0 || 0 || 0 || 0 || 0 || 0 || 0 || 0 || 0 || 0 || 0 || 0 || 0 || 0 || 0 || 0 || 0 || 0 || 0 || 0 || 0 || 0 || 0 || 0 || 0 || 0 || 0 || 0 || 0 || 0 || 0 || 0 || 0 || 0 || 0 || 0 || 0 || 0 || 0 || 0 || 0 || 0 || 0 || 0 || 0 || 0 || 0 || 0 || 0 || 0 || 0 || 0 || 0 || 0 || 0 || 0 || 0 || 0 || 0 || 0 || 0 || 0 || 0 || 0 || 0 || 0 || 0 || 0 || 0 || 0 || 0 || 0 || 0 || 0 || 0 || 0 || 0 || 0 || 0 || 0 || 0 || 0 || 0 || 0 || 0 || 0 || 0 || 0 || 0 || 0 || 0 || 0 || 0 || 0 || 0 || 0 || 0 || 0 || 0 || 0 || 0 || 0 || 0 || 0 || 0 || 0 || 0 || 0 || 0 || 0 || 0 || 0 || 0 || 0 || 0 || 0 || 0 || 0 || 0 || 0 || 0 || 0 || 0 || 0 || 0 || 0 || 0 || 0 || 0 || 0 || 0 || 0 || 0 || 0 || 0 || 0 || 0 || 0 || 0 || 0 || 0 || 0 || 0 || 0 || 0 || 0 || 0 || 0 || 0 || 0 || 0 || 0 || 0 || 0 || 0 || 0 || 0 || 0 || 0 || 0 || 0 || 0 || 0 || 0 || 0 || 0 || 0 || 0 || 0 || 0 || 0 || 0 || 0 || 0 || 0 || 0 || 0 || 0 || 0 || 0 || 0 || 0 || 0 || 0 || 0 || 0 || 0 || 0 || 0 || 0 || 0 || 0 || 0 || 0 || 0 || 0 || 0 || 0 || 0 || 0 || 0 || 0 || 0 || 0 || 0 || 0 || 0 || 0 || 0 || 0 || 0 || 0 || 0 || 0 || 0 || 0 || 0 || 0 || 0 || 0 || 0 || 0 || 0 || 0 || 0 || 0 || 0 || 0 || 0 || 0 || 0 || 0 || 0 || 0 || 0 || 0 || 0 || 0 || 0 || 0 || 0 || 0 || 0 || 0 || 0 || 0 || 0 || 0 || 0 || 0 || 0 || 0 || 0 || 0 || 0 || 0 || 0 || 0 || 0 || 0 || 0 || 0 || 0 || 0 || 0 || 0 || 0 || 0 || 0 || 0 || 0 || 0 || 0 || 0 || 0 || 0 || 0 || 0 || 0 || 0 || 0 || 0 || 0 || 0 || 0 || 0 || 0 || 0 || 0 || 0 || 0 || 0 || 0 || 0 || 0 || 0 || 0 || 0 || 0 || 0 || 0 || 0 || 0 || 0 || 0 || 0 || 0 || 0 || 0 || 0 || 0 || 0 || 0 || 0 || 0 || 0 || 0 || 0 || 0 || 0 || 0 || 0 || 0 || 0 || 0 || 0 || 0 || 0 || 0 || 0 || 0 || 0 || 0 || 0 || 0 || 0 || 0 || 0 || 0 || 0 || 0 || 0 || 0 || 0 || 0 || 0 || 0 || 0 || 0 || 0 || 0 || 0 || 0 || 0 || 0 || 0 || 0 || 0 || 0 || 0 || 0 || 0 || 0 || 0 || 0 || 0 || 0 || 0 || 0 || 0 || 0 || 0 || 0 || 0 || 0 || 0 || 0 || 0 || 0 || 0 || 0 || 0 || 0 || 0 || 0 || 0 || 0 || 0 || 0 || 0 || 0 || 0 || 0 || 0 || 0 || 0 || 0 || 0 || 0 || 0 || 0 || 0 || 0 || 0 || 0 || 0 || 0 || 0 || 0 || 0 || 0 || 0 || 0 || 0 || 0 || 0 || 0 || 0 || 0 || 0 || 0 || 0 || 0 || 0 || 0 || 0 || 0 || 0 || 0 || 0 || 0 || 0 || 0 || 0 || 0 || 0 || 0 || 0 || 0 || 0 || 0 || 0 || 0 || 0 || 0 || 0 || 0 || 0 || 0 || 0 || 0 || 0 || 0 || 0 || 0 || 0 || 0 || 0 || 0 || 0 || 0 || 0 || 0 || 0 || 0 || 0 || 0 || 0 || 0 || 0 || 0 || 0 || 0 || 0 || 0 || 0 || 0 || 0 || 0 || 0 || 0 || 0 || 0 || 0 || 0 || 0 || 0 || 0 || 0 || 0 || 0 || 0 || 0 || 0 || 0 || 0 || 0 || 0 || 0 || 0 || 0 || 0 || 0 || 0 || 0 || 0 || 0 || 0 || 0 || 0 || 0 || 0 || 0 || 0 || 0 || 0 || 0 || 0 || 0 || 0 || 0 || 0 || 0 || 0 || 0 || 0 || 0 || 0 || 0 || 0 || 0 || 0 || 0 || 0 || 0 || 0 || 0 || 0 || 0 || 0 || 0 || 0 || 0 || 0 || 0 || 0 || 0 || 0 || 0 || 0 || 0 || 0 || 0 || 0 || 0 || 0 || 0 || 0 || 0 || 0 || 0 || 0 || 0 || 0 || 0 || 0 || 0 || 0 || 0 || 0 || 0 || 0 || 0 || 0 || 0 || 0 || 0 || 0 || 0 || 0 || 0 || 0 || 0 || 0 || 0 || 0 || 0 || 0 || 0 || 0 || 0 || 0 || 0 || 0 || 0 || 0 || 0 || 0 || 0 || 0 || 0 || 0 || 0 || 0 || 0 || 0 || 0 || 0 || 0 || 0 || 0 || 0 || 0 || 0 || 0 || 0 || 0 || 0 || 0 || 0 || 0 || 0 || 0 || 0 || 0 || 0 || 0 || 0 || 0 || 0 || 0 || 0 || 0 || 0 || 0 || 0 || 0 || 0 || 0 || 0 || 0 || 0 || 0 || 0 || 0 || 0 || 0 || 0 || 0 || 0 || 0 || 0 || 0 || 0 || 0 || 0 || 0 || 0 || 0 || 0 || 0 || 0 || 0 || 0 || 0 || 0 || 0 || 0 || 0 || 0 || 0 || 0 || 0 || 0 || 0 || 0 || 0 || 0 || 0 || 0 || 0 || 0 || 0 || 0 || 0 || 0 || 0 || 0 || 0 || 0 || 0 || 0 || 0 || 0 || 0 || 0 || 0 || 0 || 0 || 0 || 0 || 0 || 0 || 0 || 0 || 0 || 0 || 0 || 0 || 0 || 0 || 0 || 0 || 0 || 0 || 0 || 0 || 0 || 0 || 0 || 0 || 0 || 0 || 0 || 0 || 0 || 0 || 0 || 0 || 0 || 0 || 0 || 0 || 0 || 0 || 0 || 0 || 0 || 0 || 0 || 0 || 0 || 0 || 0 || 0 || 0 || 0 || 0 || 0 || 0 || 0 || 0 || 0 || 0 || 0 || 0 || 0 || 0 || 0 || 0 || 0 || 0 || 0 || 0 || 0 || 0 || 0 || 0 || 0 || 0 || 0 || 0 || 0 || 0 || 0 || 0 || 0 || 0 || 0 || 0 || 0 || 0 || 0 || 0 || 0 || 0 || 0 || 0 || 0 || 0 || 0 || 0 || 0 || 0 || 0 || 0 || 0 || 0 || 0 || 0 || 0 || 0 || 0 || 0 || 0 || 0 || 0 || 0 || 0 || 0 || 0 || 0 || 0 || 0 || 0 || 0 || 0 || 0 || 0 || 0 || 0 || 0 || 0 || 0 || 0 || 0 || 0 || 0 || 0 || 0 || 0 || 0 || 0 || 0 || 0 || 0 || 0 || 0 || 0 || 0 || 0 || 0 || 0 || 0 || 0 || 0 || 0 || 0 || 0 || 0 || 0 || 0 || 0 || 0 || 0 || 0 || 0 || 0 || 0 || 0 || 0 || 0 || 0 || 0 || 0 || 0 || 0 || 0 || 0 || 0 || 0 || 0 || 0 || 0 || 0 || 0 || 0 || 0 || 0 || 0 || 0 || 0 || 0 || 0 || 0 || 0 || 0 || 0 || 0 || 0 || 0 || 0 || 0 || 0 || 0 || 0 || 0 || 0 || 0 || 0 || 0 || 0 || 0 || 0 || 0 || 0 || 0 || 0 || 0 || 0 || 0 || 0 || 0 || 0 || 0 || 0 || 0 || 0 || 0 || 0 || 0 || 0 || 0 || 0 || 0 || 0 || 0 || 0 || 0 || 0 || 0 || 0 || 0 || 0 || 0 || 0 || 0 || 0 || 0 || 0 || 0 || 0 || 0 || 0 || 0 || 0 || 0 || 0 || 0 || 0 || 0 || 0 || 0 || 0 || 0 || 0 || 0 || 0 || 0 || 0 || 0 || 0 || 0 || 0 || 0 || 0 || 0 || 0 || 0 || 0 || 0 || 0 || 0 || 0 || 0 || 0 || 0 || 0 || 0 || 0 || 0 || 0 || 0 || 0 || 0 || 0 || 0 || 0 || 0 || 0 || 0 || 0 || 0 || 0 || 0 || 0 || 0 || 0 || 0 || 0 || 0 || 0 || 0 || 0 || 0 || 0 || 0 || 0 || 0 || 0 || 0 || 0 || 0 || 0 || 0 || 0 || 0 || 0 || 0 || 0 || 0 || 0 || 0 || 0 || 0 || 0 || 0 || 0 || 0 || 0 || 0 || 0 || 0 || 0 || 0 || 0 || 0 || 0 || 0 || 0 || 0 || 0 || 0 || 0 || 0 || 0 || 0 || 0 || 0 || 0 || 0 || 0 || 0 || 0 || 0 || 0 || 0 || 0 || 0 || 0 || 0 || 0 || 0 || 0 || 0 || 0 || 0 || 0 || 0 || 0 || 0 || 0 || 0 || 0 || 0 || 0 || 0 || 0 || 0 || 0 || 0 || 0 || 0 || 0 || 0 || 0 || 0 || 0 || 0 || 0 || 0 || 0 || 0 || 0 || 0 || 0 || 0 || 0 || 0 || 0 || 0 || 0 || 0 || 0 || 0 || 0 || 0 || 0 || 0 || 0 || 0 || 0 || 0 || 0 || 0 || 0 || 0 || 0 || 0 || 0 || 0 || 0 || 0 || 0 || 0 || 0 || 0 || 0 || 0 || 0 || 0 || 0 || 0 || 0 || 0 || 0 || 0 || 0 || 0 || 0 || 0 || 0 || 0 || 0 || 0 || 0 || 0 || 0 || 0 || 0 || 0 || 0 || 0 || 0 || 0 || 0 || 0 || 0 || 0 || 0 || 0 || 0 || 0 || 0 || 0 || 0 || 0 || 0 || 0 || 0 || 0 || 0 || 0 || 0 || 0 || 0 || 0 || 0 || 0 || 0 || 0 || 0 || 0 || 0 || 0 || 0 || 0 || 0 || 0 || 0 || 0 || 0 || 0 || 0 || 0 || 0 || 0 || 0 || 0 || 0 || 0 || 0 || 0 || 0 || 0 || 0 || 0 || 0 || 0 || 0 || 0 || 0 || 0 || 0 || 0 || 0 || 0 || 0 || 0 || 0 || 0 || 0 || 0 || 0 || 0 || 0 || 0 || 0 || 0 || 0 || 0 || 0 || 0 || 0 || 0 || 0 || 0 || 0 || 0 || 0 || 0 || 0 || 0 || 0 || 0 || 0 || 0 || 0 || 0 || 0 || 0 || 0 || 0 || 0 || 0 || 0 || 0 || 0 || 0 || 0 || 0 || 0 || 0 || 0 || 0 || 0 || 0 || 0 || 0 || 0 || 0 || 0 || 0 || 0 || 0 || 0 || 0 || 0 || 0 || 0 || 0 || 0 || 0 || 0 || 0 || 0 || 0 || 0 || 0 || 0 || 0 || 0 || 0 || 0 || 0 || 0 || 0 || 0 || 0 || 0 || 0 || 0 || 0 || 0 || 0 || 0 || 0 || 0 || 0 || 0 || 0 || 0 || 0 || 0 || 0 || 0 || 0 || 0 || 0 || 0 || 0 || 0 || 0 || 0 || 0 || 0 || 0 || 0 || 0 || 0 || 0 || 0 || 0 || 0 || 0 || 0 || 0 || 0 || 0 || 0 || 0 || 0 || 0 || 0 || 0 || 0 || 0 || 0 || 0 || 0 || 0 || 0 || 0 || 0 || 0 || 0 || 0 || 0 || 0 || 0 || 0 || 0 || 0 || 0 || 0 || 0 || 0 || 0 || 0 || 0 || 0 || 0 || 0 || 0 || 0 || 0 || 0 || 0 || 0 || 0 || 0 || 0 || 0 || 0 || 0 || 0 || 0 || 0 || 0 || 0 || 0 || 0 || 0 || 0 || 0 || 0 || 0 || 0 || 0 || 0 || 0 || 0 || 0 || 0 || 0 || 0 || 0 || 0 || 0 || 0 || 0 || 0 || 0 || 0 || 0 || 0 || 0 || 0 || 0 || 0 || 0 || 0 || 0 || 0 || 0 || 0 || 0 || 0 || 0 || 0 || 0 || 0 || 0 || 0 || 0 || 0 || 0 || 0 || 0 || 0 || 0 || 0 || 0 || 0 || 0 || 0 || 0 || 0 || 0 || 0 || 0 || 0 || 0 || 0 || 0 || 0 || 0 || 0 || 0 || 0 || 0 || 0 || 0 || 0 || 0 || 0 || 0 || 0 || 0 || 0 || 0 || 0 || 0 || 0 || 0 || 0 || 0 || 0 || 0 || 0 || 0 || 0 || 0 || 0 || 0 || 0 || 0 || 0 || 0 || 0 || 0 || 0 || 0 || 0 || 0 || 0 || 0 || 0 || 0 || 0 || 0 || 0 || 0 || 0 || 0 || 0 || 0 || 0 || 0 || 0 || 0 || 0 || 0 || 0 || 0 || 0 || 0 || 0 || 0 || 0 || 0 || 0 || 0 || 0 || 0 || 0 || 0 || 0 || 0 || 0 || 0 || 0 || 0 || 0 || 0 || 0 || 0 || 0 || 0 || 0 || 0 || 0 || 0 || 0 || 0 || 0 || 0 || 0 || 0 || 0 || 0 || 0 || 0 || 0 || 0 || 0 || 0 || 0 || 0 || 0 || 0 || 0 || 0 || 0 || 0 || 0 || 0 || 0 || 0 || 0 || 0 || 0 || 0 || 0 || 0 || 0 || 0 || 0 || 0 || 0 || 0 || 0 || 0 || 0 || 0 || 0 || 0 || 0 || 0 || 0 || 0 || 0 || 0 || 0 || 0 || 0 || 0 || 0 || 0 || 0 || 0 || 0 || 0 || 0 || 0 || 0 || 0 || 0 || 0 || 0 || 0 || 0 || 0 || 0 || 0 || 0 || 0 || 0 || 0 || 0 || 0 || 0 || 0 || 0 || 0 || 0 || 0 || 0 || 0 || 0 || 0 || 0 || 0 || 0 || 0 || 0 || 0 || 0 || 0 || 0 || 0 || 0 || 0 || 0 || 0 || 0 || 0 || 0 || 0 || 0 || 0 || 0 || 0 || 0 || 0 || 0 || 0 || 0 || 0 || 0 || 0 || 0 || 0 || 0 || 0 || 0 || 0 || 0 || 0 || 0 || 0 || 0 || 0 || 0 || 0 || 0 || 0 || 0 || 0 || 0 || 0 || 0 || 0 || 0 || 0 || 0 || 0 || 0 || 0 || 0 || 0 || 0 || 0 || 0 || 0 || 0 || 0 || 0 || 0 || 0 || 0 || 0 || 0 || 0 || 0 || 0 || 0 || 0 || 0 || 0 || 0 || 0 || 0 || 0 || 0 || 0 || 0 || 0 || 0 || 0 || 0 || 0 || 0 || 0 || 0 || 0 || 0 || 0 || 0 || 0 || 0 || 0 || 0 || 0 || 0 || 0 || 0 || 0 || 0 || 0 || 0 || 0 || 0 || 0 || 0 || 0 || 0 || 0 || 0 || 0 || 0 || 0 || 0 || 0 || 0 || 0 || 0 || 0 || 0 || 0 || 0 || 0 || 0 || 0 || 0 || 0 || 0 || 0 || 0 || 0 || 0 || 0 || 0 || 0 || 0 || 0 || 0 || 0 || 0 || 0 || 0 || 0 || 0 || 0 || 0 || 0 || 0 || 0 || 0 || 0 || 0 || 0 || 0 || 0 || 0 || 0 || 0 || 0 || 0 || 0 || 0 || 0 || 0 || 0 || 0 || 0 || 0 || 0 || 0 || 0 || 0 || 0 || 0 || 0 || 0 || 0 || 0 || 0 || 0 || 0 || 0 || 0 || 0 || 0 || 0 || 0 || 0 || 0 || 0 || 0 || 0 || 0 || 0 || 0 || 0 || 0 || 0 || 0 || 0 || 0 || 0 || 0 || 0 || 0 || 0 || 0 || 0 || 0 || 0 || 0 || 0 || 0 || 0 || 0 || 0 || 0 || 0 || 0 || 0 || 0 || 0 || 0 || 0 || 0 || 0 || 0 || 0 || 0 || 0 || 0 || 0 || 0 || 0 || 0 || 0 || 0 || 0 || 0 || 0 || 0 || 0 || 0 || 0 || 0 || 0 || 0 || 0 || 0 || 0 || 0 || 0 || 0 || 0 || 0 || 0 || 0 || 0 || 0 || 0 || 0 || 0 || 0 || 0 || 0 || 0 || 0 || 0 || 0 || 0 || 0 || 0 || 0 || 0 || 0 || 0 || 0 || 0 || 0 || 0 || 0 || 0 || 0 || 0 || 0 || 0 || 0 || 0 || 0 || 0 || 0 || 0 || 0 || 0 || 0 || 0 || 0 || 0 || 0 || 0 || 0 || 0 || 0 || 0 || 0 || 0 || 0 || 0 || 0 || 0 || 0 || 0 || 0 || 0 || 0 || 0 || 0 || 0 || 0 || 0 || 0 || 0 || 0 || 0 || 0 || 0 || 0 || 0 || 0 || 0 || 0 || 0 || 0 || 0 || 0 || 0 || 0 || 0 || 0 || 0 || 0 || 0 || 0 || 0 || 0 || 0 || 0 || 0 || 0 || 0 || 0 || 0 || 0 || 0 || 0 || 0 || 0 || 0 || 0 || 0 || 0 || 0 || 0 || 0 || 0 || 0 || 0 || 0 || 0 || 0 || 0 || 0 || 0 || 0 || 0 || 0 || 0 || 0 || 0 || 0 || 0 || 0 || 0 || 0 || 0 || 0 || 0 || 0 || 0 || 0 || 0 || 0 || 0 || 0 || 0 || 0 || 0 || 0 || 0 || 0 || 0 || 0 || 0 || 0 || 0 || 0 || 0 || 0 || 0 || 0 || 0 || 0 || 0 || 0 || 0 || 0 || 0 || 0 || 0 || 0 || 0 || 0 || 0 || 0 || 0 || 0 || 0 || 0 || 0 || 0 || 0 || 0 || 0 || 0 || 0 || 0 || 0 || 0 || 0 || 0 || 0 || 0 || 0 || 0 || 0 || 0 || 0 || 0 || 0 || 0 || 0 || 0 || 0 || 0 || 0 || 0 || 0 || 0 || 0 || 0 || 0 || 0 || 0 || 0 || 0 || 0 || 0 || 0 || 0 || 0 || 0 || 0 || 0 || 0 || 0 || 0 || 0 || 0 || 0 || 0 || 0 || 0 || 0 || 0 || 0 || 0 || 0 || 0 || 0 || 0 || 0 || 0 || 0 || 0 || 0 || 0 || 0 || 0 || 0 || 0 || 0 || 0 || 0 || 0 || 0 || 0 || 0 || 0 || 0 || 0 || 0 || 0 || 0 || 0 || 0 || 0 || 0 || 0 || 0 || 0 || 0 || 0 || 0 || 0 || 0 || 0 || 0 || 0 || 0 || 0 || 0 || 0 || 0 || 0 || 0 || 0 || 0 || 0 || 0 || 0 || 0 || 0 || 0 || 0 || 0 || 0 || 0 || 0 || 0 || 0 || 0 || 0 || 0 || 0 || 0 || 0 || 0 || 0 || 0 || 0 || 0 || 0 || 0 || 0 || 0 || 0 || 0 || 0 || 0 || 0 || 0 || 0 || 0 || 0 || 0 || 0 || 0 || 0 || 0 || 0 || 0 || 0 || 0 || 0 || 0 || 0 || 0 || 0 || 0 || 0 || 0 || 0 || 0 || 0 || 0 || 0 || 0 || 0 || 0 || 0 || 0 || 0 || 0 || 0 || 0 || 0 || 0 || 0 || 0 || 0 || 0 || 0 || 0 || 0 || 0 || 0 || 0 || 0 || 0 || 0 || 0 || 0 || 0 || 0 || 0 || 0 || 0 || 0 || 0 || 0 || 0 || 0 || 0 || 0 || 0 || 0 || 0 || 0 || 0 || 0 || 0 || 0 || 0 || 0 || 0 || 0 || 0 || 0 || 0 || 0 || 0 || 0 || 0 || 0 || 0 || 0 || 0 || 0 || 0 || 0 || 0 || 0 || 0 || 0 || 0 || 0 || 0 || 0 || 0 || 0 || 0 || 0 || 0 || 0 || 0 || 0 || 0 || 0 || 0 || 0 || 0 || 0 || 0 || 0 || 0 || 0 || 0 || 0 || 0 || 0 || 0 || 0 || 0 || 0 || 0 || 0 || 0 || 0 || 0 || 0 || 0 || 0 || 0 || 0 || 0 || 0 || 0 || 0 || 0 || 0 || 0 || 0 || 0 || 0 || 0 || 0 || 0 || 0 || 0 || 0 || 0 || 0 || 0 || 0 || 0 || 0 || 0 || 0 || 0 || 0 || 0 || 0 || 0 || 0 || 0 || 0 || 0 || 0 || 0 || 0 || 0 || 0 || 0 || 0 || 0 || 0 || 0 || 0 || 0 || 0 || 0 || 0 || 0 || 0 || 0 || 0 || 0 || 0 || 0 || 0 || 0 || 0 || 0 || 0 || 0 || 0 || 0 || 0 || 0 || 0 || 0 || 0 || 0 || 0 || 0 || 0 || 0 || 0 || 0 || 0 || 0 || 0 || 0 || 0 || 0 || 0 || 0 || 0 || 0 || 0 || 0 || 0 || 0 || 0 || 0 || 0 || 0 || 0 || 0 || 0 || 0 || 0 || 0 || 0 || 0 || 0 || 0 || 0 || 0 || 0 || 0 || 0 || 0 || 0 || 0 || 0 || 0 || 0 || 0 || 0 || 0 || 0 || 0 || 0 || 0 || 0 || 0 || 0 || 0 || 0 || 0 || 0 || 0 || 0 || 0 || 0 || 0 || 0 || 0 || 0 || 0 || 0 || 0 || 0 || 0 || 0 || 0 || 0 || 0 || 0 || 0 || 0 || 0 || 0 || 0 || 0 || 0 || 0 || 0 || 0 || 0 || 0 || 0 || 0 || 0 || 0 || 0 || 0 || 0 || 0 || 0 || 0 || 0 || 0 || 0 || 0 || 0 || 0 || 0 || 0 || 0 || 0 || 0 || 0 || 0 || 0 || 0 || 0 || 0 || 0 || 0 || 0 || 0 || 0 || 0 || 0 || 0 || 0 || 0 || 0 || 0 || 0 || 0 || 0 || 0 || 0 || 0 || 0 || 0 || 0 || 0 || 0 || 0 || 0 || 0 || 0 || 0 || 0 || 0 || 0 || 0 || 0 || 0 || 0 || 0 || 0 || 0 || 0 || 0 || 0 || 0 || 0 || 0 || 0 || 0 || 0 || 0 || 0 || 0 || 0 || 0 || 0 || 0 || 0 || 0 || 0 || 0 || 0 || 0 || 0 || 0 || 0 || 0 || 0 || 0 || 0 || 0 || 0 || 0 || 0 || 0 || 0 || 0 || 0 || 0 || 0 || 0 || 0 || 0 || 0 || 0 || 0 || 0 || 0 || 0 || 0 || 0 || 0 || 0 || 0 || 0 || 0 || 0 || 0 || 0 || 0 || 0 || 0 || 0 || 0 || 0 || 0 || 0 || 0 || 0 || 0 || 0 || 0 || 0 || 0 || 0 || 0 || 0 || 0 || 0 || 0 || 0 || 0 || 0 || 0 || 0 || 0 || 0 || 0 || 0 || 0 || 0 || 0 || 0 || 0 || 0 || 0 || 0 || 0 || 0 || 0 || 0 || 0 || 0 || 0 || 0 || 0 || 0 || 0 || 0 || 0 || 0 || 0 || 0 || 0 || 0 || 0 || 0 || 0 || 0 || 0 || 0 || 0 || 0 || 0 || 0 || 0 || 0 || 0 || 0 || 0 || 0 || 0 || 0 || 0 || 0 || 0 || 0 || 0 || 0 || 0 || 0 || 0 || 0 || 0 || 0 || 0 || 0 || 0 || 0 || 0 || 0 || 0 || 0 || 0 || 0 || 0 || 0 || 0 || 0 || 0 || 0 || 0 || 0 || 0 || 0 || 0 || 0 || 0 || 0 || 0 || 0 || 0 || 0 || 0 || 0 || 0 || 0 || 0 || 0 || 0 || 0 || 0 || 0 || 0 || 0 || 0 || 0 || 0 || 0 || 0 || 0 || 0 || 0 || 0 || 0 || 0 || 0 || 0 || 0 || 0 || 0 || 0 || 0 || 0 || 0 || 0 || 0 || 0 || 0 || 0 || 0 || 0 || 0 || 0 || 0 || 0 || 0 || 0 || 0 || 0 || 0 || 0 || 0 || 0 || 0 || 0 || 0 || 0 || 0 || 0 || 0 || 0 || 0 || 0 || 0 || 0 || 0 || 0 || 0 || 0 || 0 || 0 || 0 || 0 || 0 || 0 || 0 || 0 || 0 || 0 || 0 || 0 || 0 || 0 || 0 || 0 || 0 || 0 || 0 || 0 || 0 || 0 || 0 || 0 || 0 || 0 || 0 || 0 || 0 || 0 || 0 || 0 || 0 || 0 || 0 || 0 || 0 || 0 || 0 || 0 || 0 || 0 || 0 || 0 || 0 || 0 || 0 || 0 || 0 || 0 || 0 || 0 || 0 || 0 || 0 || 0 || 0 || 0 || 0 || 0 || 0 || 0 || 0 || 0 || 0 || 0 || 0 || 0 || 0 || 0 || 0 || 0 || 0 || 0 || 0 || 0 || 0 || 0 || 0 || 0 || 0 || 0 || 0 || 0 || 0 || 0 || 0 || 0 || 0 || 0 || 0 || 0 || 0 || 0 || 0 || 0 || 0 || 0 || 0 || 0 || 0 || 0 || 0 || 0 || 0 || 0 || 0 || 0 || 0 || 0 || 0 || 0 || 0 || 0 || 0 || 0 || 0 || 0 || 0 || 0 || 0 || 0 || 0 || 0 || 0 || 0 || 0 || 0 || 0 || 0 || 0 || 0 || 0 || 0 || 0 || 0 || 0 || 0 || 0 || 0 || 
1: 0
2: 1
3: 0
5: 0
7: 0
101: 0
selection vector element:0
database value: 1
noise budget: 17
result: 0

selection vector element:1
database value: 4
noise budget: 17
result: 4

selection vector element:0
database value: 9
noise budget: 17
result: 0

selection vector element:0
database value: 19
noise budget: 17
result: 0

selection vector element:0
database value: 31
noise budget: 17
result: 0

selection vector element:0
database value: 40
noise budget: 17
result: 0

noise budget: 10
Query result:4
