# bitlength = 2048, poly_mod_degree = 4096, hamming_weight = 2

# As we can see, expansion took 11 rounds. 
# Speeds up calculation and reduces memory use (less cipher texts have to be stored and less galois keys have to be created) for a fixed poly mod degree. 
# Larger poly mod can be used to encode the same message, so larger plaintext mod can be used without exceeding noise budget.


Query:
2x^3 + 2x^2 || 

Expansion:
2x^3 + 2x^2|| 
4x^2|| 4x^2|| 
0|| 0|| 8|| 8|| 
0|| 0|| 10|| 10|| 0|| 0|| 0|| 0|| 
0|| 0|| 20|| 20|| 0|| 0|| 0|| 0|| 0|| 0|| 0|| 0|| 0|| 0|| 0|| 0|| 
0|| 0|| 40|| 40|| 0|| 0|| 0|| 0|| 0|| 0|| 0|| 0|| 0|| 0|| 0|| 0|| 0|| 0|| 0|| 0|| 0|| 0|| 0|| 0|| 0|| 0|| 0|| 0|| 0|| 0|| 0|| 0|| 
0|| 0|| 3F|| 3F|| 0|| 0|| 0|| 0|| 0|| 0|| 0|| 0|| 0|| 0|| 0|| 0|| 0|| 0|| 0|| 0|| 0|| 0|| 0|| 0|| 0|| 0|| 0|| 0|| 0|| 0|| 0|| 0|| 0|| 0|| 0|| 0|| 0|| 0|| 0|| 0|| 0|| 0|| 0|| 0|| 0|| 0|| 0|| 0|| 0|| 0|| 0|| 0|| 0|| 0|| 0|| 0|| 0|| 0|| 0|| 0|| 0|| 0|| 0|| 0|| 
0|| 0|| 3D|| 3D|| 0|| 0|| 0|| 0|| 0|| 0|| 0|| 0|| 0|| 0|| 0|| 0|| 0|| 0|| 0|| 0|| 0|| 0|| 0|| 0|| 0|| 0|| 0|| 0|| 0|| 0|| 0|| 0|| 0|| 0|| 0|| 0|| 0|| 0|| 0|| 0|| 0|| 0|| 0|| 0|| 0|| 0|| 0|| 0|| 0|| 0|| 0|| 0|| 0|| 0|| 0|| 0|| 0|| 0|| 0|| 0|| 0|| 0|| 0|| 0|| 0|| 0|| 0|| 0|| 0|| 0|| 0|| 0|| 0|| 0|| 0|| 0|| 0|| 0|| 0|| 0|| 0|| 0|| 0|| 0|| 0|| 0|| 0|| 0|| 0|| 0|| 0|| 0|| 0|| 0|| 0|| 0|| 0|| 0|| 0|| 0|| 0|| 0|| 0|| 0|| 0|| 0|| 0|| 0|| 0|| 0|| 0|| 0|| 0|| 0|| 0|| 0|| 0|| 0|| 0|| 0|| 0|| 0|| 0|| 0|| 0|| 0|| 0|| 0|| 
0|| 0|| 39|| 39|| 0|| 0|| 0|| 0|| 0|| 0|| 0|| 0|| 0|| 0|| 0|| 0|| 0|| 0|| 0|| 0|| 0|| 0|| 0|| 0|| 0|| 0|| 0|| 0|| 0|| 0|| 0|| 0|| 0|| 0|| 0|| 0|| 0|| 0|| 0|| 0|| 0|| 0|| 0|| 0|| 0|| 0|| 0|| 0|| 0|| 0|| 0|| 0|| 0|| 0|| 0|| 0|| 0|| 0|| 0|| 0|| 0|| 0|| 0|| 0|| 0|| 0|| 0|| 0|| 0|| 0|| 0|| 0|| 0|| 0|| 0|| 0|| 0|| 0|| 0|| 0|| 0|| 0|| 0|| 0|| 0|| 0|| 0|| 0|| 0|| 0|| 0|| 0|| 0|| 0|| 0|| 0|| 0|| 0|| 0|| 0|| 0|| 0|| 0|| 0|| 0|| 0|| 0|| 0|| 0|| 0|| 0|| 0|| 0|| 0|| 0|| 0|| 0|| 0|| 0|| 0|| 0|| 0|| 0|| 0|| 0|| 0|| 0|| 0|| 0|| 0|| 0|| 0|| 0|| 0|| 0|| 0|| 0|| 0|| 0|| 0|| 0|| 0|| 0|| 0|| 0|| 0|| 0|| 0|| 0|| 0|| 0|| 0|| 0|| 0|| 0|| 0|| 0|| 0|| 0|| 0|| 0|| 0|| 0|| 0|| 0|| 0|| 0|| 0|| 0|| 0|| 0|| 0|| 0|| 0|| 0|| 0|| 0|| 0|| 0|| 0|| 0|| 0|| 0|| 0|| 0|| 0|| 0|| 0|| 0|| 0|| 0|| 0|| 0|| 0|| 0|| 0|| 0|| 0|| 0|| 0|| 0|| 0|| 0|| 0|| 0|| 0|| 0|| 0|| 0|| 0|| 0|| 0|| 0|| 0|| 0|| 0|| 0|| 0|| 0|| 0|| 0|| 0|| 0|| 0|| 0|| 0|| 0|| 0|| 0|| 0|| 0|| 0|| 0|| 0|| 0|| 0|| 0|| 0|| 0|| 0|| 0|| 0|| 0|| 0|| 0|| 0|| 0|| 0|| 0|| 0|| 0|| 0|| 0|| 0|| 0|| 0|| 
0|| 0|| 31|| 31|| 0|| 0|| 0|| 0|| 0|| 0|| 0|| 0|| 0|| 0|| 0|| 0|| 0|| 0|| 0|| 0|| 0|| 0|| 0|| 0|| 0|| 0|| 0|| 0|| 0|| 0|| 0|| 0|| 0|| 0|| 0|| 0|| 0|| 0|| 0|| 0|| 0|| 0|| 0|| 0|| 0|| 0|| 0|| 0|| 0|| 0|| 0|| 0|| 0|| 0|| 0|| 0|| 0|| 0|| 0|| 0|| 0|| 0|| 0|| 0|| 0|| 0|| 0|| 0|| 0|| 0|| 0|| 0|| 0|| 0|| 0|| 0|| 0|| 0|| 0|| 0|| 0|| 0|| 0|| 0|| 0|| 0|| 0|| 0|| 0|| 0|| 0|| 0|| 0|| 0|| 0|| 0|| 0|| 0|| 0|| 0|| 0|| 0|| 0|| 0|| 0|| 0|| 0|| 0|| 0|| 0|| 0|| 0|| 0|| 0|| 0|| 0|| 0|| 0|| 0|| 0|| 0|| 0|| 0|| 0|| 0|| 0|| 0|| 0|| 0|| 0|| 0|| 0|| 0|| 0|| 0|| 0|| 0|| 0|| 0|| 0|| 0|| 0|| 0|| 0|| 0|| 0|| 0|| 0|| 0|| 0|| 0|| 0|| 0|| 0|| 0|| 0|| 0|| 0|| 0|| 0|| 0|| 0|| 0|| 0|| 0|| 0|| 0|| 0|| 0|| 0|| 0|| 0|| 0|| 0|| 0|| 0|| 0|| 0|| 0|| 0|| 0|| 0|| 0|| 0|| 0|| 0|| 0|| 0|| 0|| 0|| 0|| 0|| 0|| 0|| 0|| 0|| 0|| 0|| 0|| 0|| 0|| 0|| 0|| 0|| 0|| 0|| 0|| 0|| 0|| 0|| 0|| 0|| 0|| 0|| 0|| 0|| 0|| 0|| 0|| 0|| 0|| 0|| 0|| 0|| 0|| 0|| 0|| 0|| 0|| 0|| 0|| 0|| 0|| 0|| 0|| 0|| 0|| 0|| 0|| 0|| 0|| 0|| 0|| 0|| 0|| 0|| 0|| 0|| 0|| 0|| 0|| 0|| 0|| 0|| 0|| 0|| 0|| 0|| 0|| 0|| 0|| 0|| 0|| 0|| 0|| 0|| 0|| 0|| 0|| 0|| 0|| 0|| 0|| 0|| 0|| 0|| 0|| 0|| 0|| 0|| 0|| 0|| 0|| 0|| 0|| 0|| 0|| 0|| 0|| 0|| 0|| 0|| 0|| 0|| 0|| 0|| 0|| 0|| 0|| 0|| 0|| 0|| 0|| 0|| 0|| 0|| 0|| 0|| 0|| 0|| 0|| 0|| 0|| 0|| 0|| 0|| 0|| 0|| 0|| 0|| 0|| 0|| 0|| 0|| 0|| 0|| 0|| 0|| 0|| 0|| 0|| 0|| 0|| 0|| 0|| 0|| 0|| 0|| 0|| 0|| 0|| 0|| 0|| 0|| 0|| 0|| 0|| 0|| 0|| 0|| 0|| 0|| 0|| 0|| 0|| 0|| 0|| 0|| 0|| 0|| 0|| 0|| 0|| 0|| 0|| 0|| 0|| 0|| 0|| 0|| 0|| 0|| 0|| 0|| 0|| 0|| 0|| 0|| 0|| 0|| 0|| 0|| 0|| 0|| 0|| 0|| 0|| 0|| 0|| 0|| 0|| 0|| 0|| 0|| 0|| 0|| 0|| 0|| 0|| 0|| 0|| 0|| 0|| 0|| 0|| 0|| 0|| 0|| 0|| 0|| 0|| 0|| 0|| 0|| 0|| 0|| 0|| 0|| 0|| 0|| 0|| 0|| 0|| 0|| 0|| 0|| 0|| 0|| 0|| 0|| 0|| 0|| 0|| 0|| 0|| 0|| 0|| 0|| 0|| 0|| 0|| 0|| 0|| 0|| 0|| 0|| 0|| 0|| 0|| 0|| 0|| 0|| 0|| 0|| 0|| 0|| 0|| 0|| 0|| 0|| 0|| 0|| 0|| 0|| 0|| 0|| 0|| 0|| 0|| 0|| 0|| 0|| 0|| 0|| 0|| 0|| 0|| 0|| 0|| 0|| 0|| 0|| 0|| 0|| 0|| 0|| 0|| 0|| 0|| 0|| 0|| 0|| 0|| 0|| 0|| 0|| 0|| 0|| 0|| 0|| 0|| 0|| 0|| 0|| 0|| 0|| 0|| 0|| 0|| 0|| 0|| 0|| 
0|| 0|| 21|| 21|| 0|| 0|| 0|| 0|| 0|| 0|| 0|| 0|| 0|| 0|| 0|| 0|| 0|| 0|| 0|| 0|| 0|| 0|| 0|| 0|| 0|| 0|| 0|| 0|| 0|| 0|| 0|| 0|| 0|| 0|| 0|| 0|| 0|| 0|| 0|| 0|| 0|| 0|| 0|| 0|| 0|| 0|| 0|| 0|| 0|| 0|| 0|| 0|| 0|| 0|| 0|| 0|| 0|| 0|| 0|| 0|| 0|| 0|| 0|| 0|| 0|| 0|| 0|| 0|| 0|| 0|| 0|| 0|| 0|| 0|| 0|| 0|| 0|| 0|| 0|| 0|| 0|| 0|| 0|| 0|| 0|| 0|| 0|| 0|| 0|| 0|| 0|| 0|| 0|| 0|| 0|| 0|| 0|| 0|| 0|| 0|| 0|| 0|| 0|| 0|| 0|| 0|| 0|| 0|| 0|| 0|| 0|| 0|| 0|| 0|| 0|| 0|| 0|| 0|| 0|| 0|| 0|| 0|| 0|| 0|| 0|| 0|| 0|| 0|| 0|| 0|| 0|| 0|| 0|| 0|| 0|| 0|| 0|| 0|| 0|| 0|| 0|| 0|| 0|| 0|| 0|| 0|| 0|| 0|| 0|| 0|| 0|| 0|| 0|| 0|| 0|| 0|| 0|| 0|| 0|| 0|| 0|| 0|| 0|| 0|| 0|| 0|| 0|| 0|| 0|| 0|| 0|| 0|| 0|| 0|| 0|| 0|| 0|| 0|| 0|| 0|| 0|| 0|| 0|| 0|| 0|| 0|| 0|| 0|| 0|| 0|| 0|| 0|| 0|| 0|| 0|| 0|| 0|| 0|| 0|| 0|| 0|| 0|| 0|| 0|| 0|| 0|| 0|| 0|| 0|| 0|| 0|| 0|| 0|| 0|| 0|| 0|| 0|| 0|| 0|| 0|| 0|| 0|| 0|| 0|| 0|| 0|| 0|| 0|| 0|| 0|| 0|| 0|| 0|| 0|| 0|| 0|| 0|| 0|| 0|| 0|| 0|| 0|| 0|| 0|| 0|| 0|| 0|| 0|| 0|| 0|| 0|| 0|| 0|| 0|| 0|| 0|| 0|| 0|| 0|| 0|| 0|| 0|| 0|| 0|| 0|| 0|| 0|| 0|| 0|| 0|| 0|| 0|| 0|| 0|| 0|| 0|| 0|| 0|| 0|| 0|| 0|| 0|| 0|| 0|| 0|| 0|| 0|| 0|| 0|| 0|| 0|| 0|| 0|| 0|| 0|| 0|| 0|| 0|| 0|| 0|| 0|| 0|| 0|| 0|| 0|| 0|| 0|| 0|| 0|| 0|| 0|| 0|| 0|| 0|| 0|| 0|| 0|| 0|| 0|| 0|| 0|| 0|| 0|| 0|| 0|| 0|| 0|| 0|| 0|| 0|| 0|| 0|| 0|| 0|| 0|| 0|| 0|| 0|| 0|| 0|| 0|| 0|| 0|| 0|| 0|| 0|| 0|| 0|| 0|| 0|| 0|| 0|| 0|| 0|| 0|| 0|| 0|| 0|| 0|| 0|| 0|| 0|| 0|| 0|| 0|| 0|| 0|| 0|| 0|| 0|| 0|| 0|| 0|| 0|| 0|| 0|| 0|| 0|| 0|| 0|| 0|| 0|| 0|| 0|| 0|| 0|| 0|| 0|| 0|| 0|| 0|| 0|| 0|| 0|| 0|| 0|| 0|| 0|| 0|| 0|| 0|| 0|| 0|| 0|| 0|| 0|| 0|| 0|| 0|| 0|| 0|| 0|| 0|| 0|| 0|| 0|| 0|| 0|| 0|| 0|| 0|| 0|| 0|| 0|| 0|| 0|| 0|| 0|| 0|| 0|| 0|| 0|| 0|| 0|| 0|| 0|| 0|| 0|| 0|| 0|| 0|| 0|| 0|| 0|| 0|| 0|| 0|| 0|| 0|| 0|| 0|| 0|| 0|| 0|| 0|| 0|| 0|| 0|| 0|| 0|| 0|| 0|| 0|| 0|| 0|| 0|| 0|| 0|| 0|| 0|| 0|| 0|| 0|| 0|| 0|| 0|| 0|| 0|| 0|| 0|| 0|| 0|| 0|| 0|| 0|| 0|| 0|| 0|| 0|| 0|| 0|| 0|| 0|| 0|| 0|| 0|| 0|| 0|| 0|| 0|| 0|| 0|| 0|| 0|| 0|| 0|| 0|| 0|| 0|| 0|| 0|| 0|| 0|| 0|| 0|| 0|| 0|| 0|| 0|| 0|| 0|| 0|| 0|| 0|| 0|| 0|| 0|| 0|| 0|| 0|| 0|| 0|| 0|| 0|| 0|| 0|| 0|| 0|| 0|| 0|| 0|| 0|| 0|| 0|| 0|| 0|| 0|| 0|| 0|| 0|| 0|| 0|| 0|| 0|| 0|| 0|| 0|| 0|| 0|| 0|| 0|| 0|| 0|| 0|| 0|| 0|| 0|| 0|| 0|| 0|| 0|| 0|| 0|| 0|| 0|| 0|| 0|| 0|| 0|| 0|| 0|| 0|| 0|| 0|| 0|| 0|| 0|| 0|| 0|| 0|| 0|| 0|| 0|| 0|| 0|| 0|| 0|| 0|| 0|| 0|| 0|| 0|| 0|| 0|| 0|| 0|| 0|| 0|| 0|| 0|| 0|| 0|| 0|| 0|| 0|| 0|| 0|| 0|| 0|| 0|| 0|| 0|| 0|| 0|| 0|| 0|| 0|| 0|| 0|| 0|| 0|| 0|| 0|| 0|| 0|| 0|| 0|| 0|| 0|| 0|| 0|| 0|| 0|| 0|| 0|| 0|| 0|| 0|| 0|| 0|| 0|| 0|| 0|| 0|| 0|| 0|| 0|| 0|| 0|| 0|| 0|| 0|| 0|| 0|| 0|| 0|| 0|| 0|| 0|| 0|| 0|| 0|| 0|| 0|| 0|| 0|| 0|| 0|| 0|| 0|| 0|| 0|| 0|| 0|| 0|| 0|| 0|| 0|| 0|| 0|| 0|| 0|| 0|| 0|| 0|| 0|| 0|| 0|| 0|| 0|| 0|| 0|| 0|| 0|| 0|| 0|| 0|| 0|| 0|| 0|| 0|| 0|| 0|| 0|| 0|| 0|| 0|| 0|| 0|| 0|| 0|| 0|| 0|| 0|| 0|| 0|| 0|| 0|| 0|| 0|| 0|| 0|| 0|| 0|| 0|| 0|| 0|| 0|| 0|| 0|| 0|| 0|| 0|| 0|| 0|| 0|| 0|| 0|| 0|| 0|| 0|| 0|| 0|| 0|| 0|| 0|| 0|| 0|| 0|| 0|| 0|| 0|| 0|| 0|| 0|| 0|| 0|| 0|| 0|| 0|| 0|| 0|| 0|| 0|| 0|| 0|| 0|| 0|| 0|| 0|| 0|| 0|| 0|| 0|| 0|| 0|| 0|| 0|| 0|| 0|| 0|| 0|| 0|| 0|| 0|| 0|| 0|| 0|| 0|| 0|| 0|| 0|| 0|| 0|| 0|| 0|| 0|| 0|| 0|| 0|| 0|| 0|| 0|| 0|| 0|| 0|| 0|| 0|| 0|| 0|| 0|| 0|| 0|| 0|| 0|| 0|| 0|| 0|| 0|| 0|| 0|| 0|| 0|| 0|| 0|| 0|| 0|| 0|| 0|| 0|| 0|| 0|| 0|| 0|| 0|| 0|| 0|| 0|| 0|| 0|| 0|| 0|| 0|| 0|| 0|| 0|| 0|| 0|| 0|| 0|| 0|| 0|| 0|| 0|| 0|| 0|| 0|| 0|| 0|| 0|| 0|| 0|| 0|| 0|| 0|| 0|| 0|| 0|| 0|| 0|| 0|| 0|| 0|| 0|| 0|| 0|| 0|| 0|| 0|| 0|| 0|| 0|| 0|| 0|| 0|| 0|| 0|| 0|| 0|| 0|| 0|| 0|| 0|| 0|| 0|| 0|| 0|| 0|| 0|| 0|| 0|| 0|| 0|| 0|| 0|| 0|| 0|| 0|| 0|| 0|| 0|| 0|| 0|| 0|| 0|| 0|| 0|| 0|| 0|| 0|| 0|| 0|| 0|| 0|| 0|| 0|| 0|| 0|| 0|| 0|| 0|| 0|| 0|| 0|| 0|| 0|| 0|| 0|| 0|| 0|| 0|| 0|| 0|| 0|| 0|| 0|| 0|| 0|| 0|| 0|| 0|| 0|| 0|| 0|| 0|| 0|| 0|| 0|| 0|| 0|| 0|| 0|| 0|| 0|| 0|| 0|| 0|| 0|| 0|| 0|| 0|| 0|| 0|| 0|| 0|| 0|| 0|| 0|| 0|| 0|| 0|| 0|| 0|| 0|| 0|| 0|| 0|| 0|| 0|| 0|| 0|| 0|| 0|| 0|| 0|| 0|| 0|| 0|| 0|| 0|| 0|| 0|| 0|| 0|| 0|| 0|| 0|| 0|| 0|| 0|| 0|| 0|| 0|| 0|| 
selection vector element:0
database value: 1
noise budget: 34
result: 0

selection vector element:0
database value: 4
noise budget: 34
result: 0

selection vector element:0
database value: 9
noise budget: 34
result: 0

selection vector element:1
database value: 19
noise budget: 34
result: 19

selection vector element:0
database value: 31
noise budget: 34
result: 0

selection vector element:0
database value: 40
noise budget: 34
result: 0

noise budget: 28
Query result:19
